Supplemental results for CODEML (seqf: align.fa  treef: tree.nwk)


MLEs of dN/dS (w) for site classes (K=3)

p:   0.34435  0.65178  0.00387
w:   0.11611  0.83404 126.23529

Naive Empirical Bayes (NEB) probabilities for 3 classes & postmean_w & P(w>1)
(amino acids refer to 1st sequence: xeno|270561947)

   1 M   0.98954 0.01046 0.00000 ( 1)  0.124  0.000
   2 S   0.96233 0.03767 0.00000 ( 1)  0.143  0.000
   3 V   0.01905 0.98094 0.00000 ( 2)  0.821  0.000
   4 W   0.17310 0.82690 0.00000 ( 2)  0.710  0.000
   5 F   0.32253 0.67747 0.00000 ( 2)  0.602  0.000
   6 T   0.00008 0.99674 0.00318 ( 2)  1.233  0.003
   7 W   0.31891 0.68109 0.00000 ( 2)  0.605  0.000
   8 A   0.04720 0.95279 0.00001 ( 2)  0.801  0.000
   9 F   0.28906 0.71094 0.00000 ( 2)  0.627  0.000
  10 L   0.85037 0.14963 0.00000 ( 1)  0.224  0.000
  11 I   0.00604 0.99260 0.00136 ( 2)  1.000  0.001
  12 S   0.02921 0.97078 0.00001 ( 2)  0.814  0.000
  13 Q   0.00014 0.99986 0.00000 ( 2)  0.834  0.000
  14 C   0.16538 0.83462 0.00000 ( 2)  0.715  0.000
  15 F   0.21814 0.78186 0.00000 ( 2)  0.677  0.000
  16 V   0.20329 0.79671 0.00000 ( 2)  0.688  0.000
  17 L   0.00229 0.99771 0.00000 ( 2)  0.832  0.000
  18 Q   0.00426 0.99573 0.00001 ( 2)  0.832  0.000
  19 I   0.38741 0.61258 0.00000 ( 2)  0.556  0.000
  20 A   0.57754 0.42246 0.00000 ( 1)  0.419  0.000
  21 G   0.93771 0.06229 0.00000 ( 1)  0.161  0.000
  22 L   0.01806 0.98194 0.00000 ( 2)  0.821  0.000
  23 L   0.35812 0.64188 0.00000 ( 2)  0.577  0.000
  24 H   0.87200 0.12800 0.00000 ( 1)  0.208  0.000
  25 P   0.35045 0.64955 0.00000 ( 2)  0.582  0.000
  26 P   0.97126 0.02874 0.00000 ( 1)  0.137  0.000
  27 L   0.01217 0.98782 0.00001 ( 2)  0.826  0.000
  28 N   0.98683 0.01317 0.00000 ( 1)  0.126  0.000
  29 V   0.91669 0.08331 0.00000 ( 1)  0.176  0.000
  30 T   0.04259 0.95741 0.00000 ( 2)  0.804  0.000
  31 T   0.07505 0.92495 0.00000 ( 2)  0.780  0.000
  32 I   0.48587 0.51413 0.00000 ( 2)  0.485  0.000
  33 S   0.91280 0.08720 0.00000 ( 1)  0.179  0.000
  34 R   0.46239 0.53761 0.00000 ( 2)  0.502  0.000
  35 N   0.97392 0.02608 0.00000 ( 1)  0.135  0.000
  36 F   0.02921 0.97078 0.00000 ( 2)  0.813  0.000
  37 R   0.90241 0.09759 0.00000 ( 1)  0.186  0.000
  38 L   0.88298 0.11702 0.00000 ( 1)  0.200  0.000
  39 F   0.98332 0.01668 0.00000 ( 1)  0.128  0.000
  40 L   0.91711 0.08289 0.00000 ( 1)  0.176  0.000
  41 T   0.75782 0.24218 0.00000 ( 1)  0.290  0.000
  42 W   0.77307 0.22693 0.00000 ( 1)  0.279  0.000
  43 A   0.33611 0.66389 0.00000 ( 2)  0.593  0.000
  44 P   0.96291 0.03709 0.00000 ( 1)  0.143  0.000
  45 D   0.09858 0.90142 0.00000 ( 2)  0.763  0.000
  46 P   0.09366 0.90634 0.00000 ( 2)  0.767  0.000
  47 R   0.00026 0.99970 0.00003 ( 2)  0.838  0.000
  48 N   0.56903 0.43097 0.00000 ( 1)  0.426  0.000
  49 P   0.26699 0.73301 0.00000 ( 2)  0.642  0.000
  50 P   0.16188 0.83812 0.00000 ( 2)  0.718  0.000
  51 N   0.00878 0.99121 0.00001 ( 2)  0.829  0.000
  52 V   0.97071 0.02929 0.00000 ( 1)  0.137  0.000
  53 S   0.18782 0.81218 0.00000 ( 2)  0.699  0.000
  54 Y   0.96714 0.03286 0.00000 ( 1)  0.140  0.000
  55 Q   0.09435 0.90565 0.00000 ( 2)  0.766  0.000
  56 V   0.95943 0.04057 0.00000 ( 1)  0.145  0.000
  57 A   0.00759 0.99241 0.00000 ( 2)  0.829  0.000
  58 Y   0.92449 0.07551 0.00000 ( 1)  0.170  0.000
  59 Y   0.00043 0.99956 0.00000 ( 2)  0.834  0.000
  60 M   0.03077 0.96923 0.00000 ( 2)  0.812  0.000
  61 F   0.02091 0.97887 0.00022 ( 2)  0.846  0.000
  62 I   0.01177 0.98821 0.00002 ( 2)  0.828  0.000
  63 E   0.02228 0.97772 0.00000 ( 2)  0.818  0.000
  64 K   0.10563 0.89437 0.00000 ( 2)  0.758  0.000
  65 K   0.78358 0.21642 0.00000 ( 1)  0.271  0.000
  66 W   0.77307 0.22693 0.00000 ( 1)  0.279  0.000
  67 N   0.17834 0.82166 0.00001 ( 2)  0.707  0.000
  68 K   0.00002 0.63387 0.36611 ( 2) 46.745  0.366
  69 -   0.52182 0.47818 0.00000 ( 1)  0.459  0.000
  70 K   0.20975 0.79025 0.00000 ( 2)  0.683  0.000
  71 N   0.00026 0.99971 0.00003 ( 2)  0.837  0.000
  72 C   0.96302 0.03698 0.00000 ( 1)  0.143  0.000
  73 R   0.01682 0.98318 0.00000 ( 2)  0.822  0.000
  74 N   0.98971 0.01029 0.00000 ( 1)  0.124  0.000
  75 I   0.72482 0.27518 0.00000 ( 1)  0.314  0.000
  76 T   0.62176 0.37824 0.00000 ( 1)  0.388  0.000
  77 G   0.01066 0.98933 0.00001 ( 2)  0.828  0.000
  78 K   0.81442 0.18558 0.00000 ( 1)  0.249  0.000
  79 E   0.71138 0.28862 0.00000 ( 1)  0.323  0.000
  80 C   0.97180 0.02820 0.00000 ( 1)  0.136  0.000
  81 D   0.06266 0.93734 0.00000 ( 2)  0.789  0.000
  82 L   0.09554 0.90446 0.00000 ( 2)  0.766  0.000
  83 T   0.93525 0.06475 0.00000 ( 1)  0.163  0.000
  84 C   0.96302 0.03698 0.00000 ( 1)  0.143  0.000
  85 L   0.00334 0.99664 0.00002 ( 2)  0.834  0.000
  86 F   0.38007 0.61993 0.00000 ( 2)  0.561  0.000
  87 Y   0.08037 0.91963 0.00000 ( 2)  0.776  0.000
  88 T   0.04794 0.95205 0.00000 ( 2)  0.800  0.000
  89 H   0.00046 0.99942 0.00012 ( 2)  0.849  0.000
  90 N   0.07320 0.92675 0.00004 ( 2)  0.787  0.000
  91 Y   0.40293 0.59707 0.00000 ( 2)  0.545  0.000
  92 I   0.00010 0.99886 0.00105 ( 2)  0.965  0.001
  93 V   0.97071 0.02929 0.00000 ( 1)  0.137  0.000
  94 G   0.00880 0.99120 0.00000 ( 2)  0.828  0.000
  95 V   0.89322 0.10678 0.00000 ( 1)  0.193  0.000
  96 R   0.11311 0.88689 0.00000 ( 2)  0.753  0.000
  97 T   0.16804 0.83194 0.00003 ( 2)  0.717  0.000
  98 K   0.00586 0.99413 0.00001 ( 2)  0.831  0.000
  99 F   0.41120 0.58880 0.00000 ( 2)  0.539  0.000
 100 G   0.03613 0.96387 0.00000 ( 2)  0.808  0.000
 101 S   0.66702 0.33298 0.00000 ( 1)  0.355  0.000
 102 S   0.00007 0.99989 0.00004 ( 2)  0.839  0.000
 103 M   0.19445 0.80555 0.00000 ( 2)  0.694  0.000
 104 S   0.93595 0.06405 0.00000 ( 1)  0.162  0.000
 105 K   0.02104 0.97871 0.00024 ( 2)  0.849  0.000
 106 W   0.77307 0.22693 0.00000 ( 1)  0.279  0.000
 107 E   0.31906 0.68094 0.00000 ( 2)  0.605  0.000
 108 E   0.10724 0.89276 0.00000 ( 2)  0.757  0.000
 109 I   0.39930 0.60070 0.00000 ( 2)  0.547  0.000
 110 K   0.00583 0.99416 0.00001 ( 2)  0.831  0.000
 111 D   0.94945 0.05055 0.00000 ( 1)  0.152  0.000
 112 I   0.98223 0.01777 0.00000 ( 1)  0.129  0.000
 113 S   0.00061 0.99938 0.00000 ( 2)  0.834  0.000
 114 Y   0.91164 0.08836 0.00000 ( 1)  0.180  0.000
 115 I   0.04632 0.95368 0.00001 ( 2)  0.801  0.000
 116 F   0.51537 0.48463 0.00000 ( 1)  0.464  0.000
 117 T   0.97088 0.02912 0.00000 ( 1)  0.137  0.000
 118 V   0.86691 0.13309 0.00000 ( 1)  0.212  0.000
 119 D   0.86210 0.13790 0.00000 ( 1)  0.215  0.000
 120 P   0.95866 0.04134 0.00000 ( 1)  0.146  0.000
 121 E   0.55429 0.44571 0.00000 ( 1)  0.436  0.000
 122 A   0.75851 0.24149 0.00000 ( 1)  0.289  0.000
 123 P   0.95821 0.04179 0.00000 ( 1)  0.146  0.000
 124 T   0.06005 0.93994 0.00001 ( 2)  0.792  0.000
 125 L   0.53425 0.46575 0.00000 ( 1)  0.450  0.000
 126 E   0.36926 0.63074 0.00000 ( 2)  0.569  0.000
 127 V   0.97071 0.02929 0.00000 ( 1)  0.137  0.000
 128 K   0.28074 0.71926 0.00000 ( 2)  0.633  0.000
 129 F   0.00255 0.99745 0.00000 ( 2)  0.832  0.000
 130 V   0.62915 0.37085 0.00000 ( 1)  0.382  0.000
 131 D   0.60045 0.39955 0.00000 ( 1)  0.403  0.000
 132 K   0.01974 0.98026 0.00000 ( 2)  0.820  0.000
 133 S   0.00074 0.99923 0.00003 ( 2)  0.837  0.000
 134 M   0.00822 0.99177 0.00000 ( 2)  0.828  0.000
 135 Y   0.02301 0.97698 0.00000 ( 2)  0.818  0.000
 136 I   0.28443 0.71557 0.00000 ( 2)  0.630  0.000
 137 N   0.16045 0.83954 0.00001 ( 2)  0.720  0.000
 138 A   0.00049 0.99887 0.00065 ( 2)  0.915  0.001
 139 A   0.00121 0.99878 0.00000 ( 2)  0.834  0.000
 140 V   0.00008 0.99958 0.00034 ( 2)  0.876  0.000
 141 K   0.00308 0.99691 0.00000 ( 2)  0.832  0.000
 142 T   0.00070 0.99846 0.00084 ( 2)  0.939  0.001
 143 P   0.95605 0.04395 0.00000 ( 1)  0.148  0.000
 144 H   0.00000 0.34544 0.65455 ( 3) 82.916  0.655
 145 C   0.90818 0.09182 0.00000 ( 1)  0.182  0.000
 146 I   0.01703 0.98297 0.00000 ( 2)  0.822  0.000
 147 K   0.00058 0.99941 0.00000 ( 2)  0.834  0.000
 148 D   0.00013 0.99966 0.00021 ( 2)  0.861  0.000
 149 I   0.00456 0.99526 0.00018 ( 2)  0.853  0.000
 150 Y   0.03615 0.96385 0.00000 ( 2)  0.808  0.000
 151 -   0.59286 0.40714 0.00000 ( 1)  0.408  0.000
 152 -   0.00005 0.97649 0.02346 ( 2)  3.776  0.023
 153 -   0.27291 0.72709 0.00000 ( 2)  0.638  0.000
 154 N   0.00310 0.99686 0.00004 ( 2)  0.837  0.000
 155 L   0.53642 0.46358 0.00000 ( 1)  0.449  0.000
 156 K   0.00190 0.99808 0.00002 ( 2)  0.835  0.000
 157 Y   0.79582 0.20418 0.00000 ( 1)  0.263  0.000
 158 N   0.00024 0.99930 0.00046 ( 2)  0.892  0.000
 159 I   0.62980 0.37020 0.00000 ( 1)  0.382  0.000
 160 E   0.01019 0.98979 0.00001 ( 2)  0.828  0.000
 161 N   0.00479 0.99517 0.00005 ( 2)  0.836  0.000
 162 A   0.01690 0.98310 0.00000 ( 2)  0.822  0.000
 163 P   0.00488 0.99508 0.00005 ( 2)  0.836  0.000
 164 K   0.00744 0.99255 0.00000 ( 2)  0.829  0.000
 165 Q   0.36609 0.63391 0.00000 ( 2)  0.571  0.000
 166 I   0.27938 0.72062 0.00000 ( 2)  0.633  0.000
 167 K   0.48770 0.51230 0.00000 ( 2)  0.484  0.000
 168 F   0.29884 0.70116 0.00000 ( 2)  0.620  0.000
 169 K   0.50266 0.49734 0.00000 ( 1)  0.473  0.000
 170 E   0.67474 0.32526 0.00000 ( 1)  0.350  0.000
 171 V   0.29957 0.70043 0.00000 ( 2)  0.619  0.000
 172 K   0.00041 0.94810 0.05149 ( 2)  7.291  0.051
 173 M   0.04387 0.95613 0.00000 ( 2)  0.803  0.000
 174 N   0.00049 0.99951 0.00000 ( 2)  0.834  0.000
 175 S   0.04925 0.95075 0.00000 ( 2)  0.799  0.000
 176 A   0.18881 0.81119 0.00000 ( 2)  0.699  0.000
 177 V   0.00858 0.99139 0.00003 ( 2)  0.831  0.000
 178 I   0.07597 0.92403 0.00000 ( 2)  0.780  0.000
 179 L   0.00067 0.99925 0.00008 ( 2)  0.843  0.000
 180 D   0.65838 0.34162 0.00000 ( 1)  0.361  0.000
 181 T   0.79200 0.20800 0.00000 ( 1)  0.265  0.000
 182 T   0.37215 0.62785 0.00000 ( 2)  0.567  0.000
 183 G   0.93860 0.06140 0.00000 ( 1)  0.160  0.000
 184 L   0.17397 0.82603 0.00000 ( 2)  0.709  0.000
 185 S   0.67741 0.32259 0.00000 ( 1)  0.348  0.000
 186 G   0.93639 0.06361 0.00000 ( 1)  0.162  0.000
 187 N   0.61945 0.38055 0.00000 ( 1)  0.389  0.000
 188 Y   0.94790 0.05210 0.00000 ( 1)  0.154  0.000
 189 C   0.97262 0.02738 0.00000 ( 1)  0.136  0.000
 190 V   0.06541 0.93459 0.00000 ( 2)  0.787  0.000
 191 E   0.75922 0.24078 0.00000 ( 1)  0.289  0.000
 192 A   0.19044 0.80956 0.00000 ( 2)  0.697  0.000
 193 L   0.05149 0.94851 0.00000 ( 2)  0.797  0.000
 194 T   0.94481 0.05519 0.00000 ( 1)  0.156  0.000
 195 V   0.05795 0.94205 0.00000 ( 2)  0.793  0.000
 196 F   0.31343 0.68657 0.00000 ( 2)  0.609  0.000
 197 T   0.30001 0.69999 0.00000 ( 2)  0.619  0.000
 198 M   0.25218 0.74781 0.00001 ( 2)  0.654  0.000
 199 E   0.00070 0.99918 0.00012 ( 2)  0.849  0.000
 200 Q   0.02586 0.97414 0.00000 ( 2)  0.816  0.000
 201 K   0.00031 0.99966 0.00003 ( 2)  0.838  0.000
 202 K   0.98356 0.01644 0.00000 ( 1)  0.128  0.000
 203 I   0.00001 0.97790 0.02210 ( 2)  3.605  0.022
 204 S   0.95988 0.04012 0.00000 ( 1)  0.145  0.000
 205 Q   0.00546 0.99454 0.00000 ( 2)  0.830  0.000
 206 P   0.04823 0.95177 0.00000 ( 2)  0.799  0.000
 207 S   0.91280 0.08720 0.00000 ( 1)  0.179  0.000
 208 K   0.00000 0.98639 0.01361 ( 2)  2.541  0.014
 209 P   0.96404 0.03596 0.00000 ( 1)  0.142  0.000
 210 F   0.15798 0.84201 0.00001 ( 2)  0.722  0.000
 211 C   0.90297 0.09703 0.00000 ( 1)  0.186  0.000
 212 H   0.19603 0.80397 0.00000 ( 2)  0.693  0.000
 213 L   0.11525 0.88475 0.00000 ( 2)  0.751  0.000
 214 F   0.09896 0.89992 0.00112 ( 2)  0.903  0.001
 215 -   0.07197 0.92795 0.00008 ( 2)  0.792  0.000
 216 -   0.07796 0.92204 0.00000 ( 2)  0.778  0.000
 217 K   0.86926 0.13074 0.00000 ( 1)  0.210  0.000
 218 D   0.98988 0.01012 0.00000 ( 1)  0.123  0.000
 219 E   0.06306 0.93694 0.00000 ( 2)  0.789  0.000
 220 E   0.00003 0.99938 0.00060 ( 2)  0.909  0.001
 221 Y   0.00834 0.99162 0.00004 ( 2)  0.833  0.000
 222 N   0.27059 0.72941 0.00000 ( 2)  0.640  0.000
 223 S   0.00493 0.99503 0.00004 ( 2)  0.836  0.000
 224 G   0.00728 0.99272 0.00000 ( 2)  0.829  0.000
 225 H   0.00913 0.99086 0.00001 ( 2)  0.829  0.000
 226 N   0.00103 0.99897 0.00000 ( 2)  0.834  0.000
 227 W   0.00004 0.98867 0.01128 ( 2)  2.249  0.011
 228 S   0.00159 0.99841 0.00000 ( 2)  0.833  0.000
 229 F   0.00474 0.99495 0.00030 ( 2)  0.869  0.000
 230 A   0.00397 0.99285 0.00318 ( 2)  1.230  0.003
 231 V   0.01728 0.98264 0.00008 ( 2)  0.832  0.000
 232 L   0.00044 0.98193 0.01763 ( 2)  3.045  0.018
 233 I   0.05172 0.94710 0.00118 ( 2)  0.944  0.001
 234 L   0.00300 0.99684 0.00016 ( 2)  0.852  0.000
 235 F   0.00104 0.99184 0.00712 ( 2)  1.726  0.007
 236 P   0.00067 0.99918 0.00015 ( 2)  0.852  0.000
 237 I   0.07474 0.92516 0.00010 ( 2)  0.793  0.000
 238 L   0.07887 0.92111 0.00003 ( 2)  0.781  0.000
 239 L   0.00027 0.83187 0.16786 ( 2) 21.884  0.168
 240 I   0.00158 0.99554 0.00288 ( 2)  1.194  0.003
 241 S   0.00751 0.99112 0.00137 ( 2)  1.000  0.001
 242 G   0.00182 0.97820 0.01998 ( 2)  3.338  0.020
 243 I   0.00411 0.97752 0.01837 ( 2)  3.135  0.018
 244 L   0.10220 0.89777 0.00003 ( 2)  0.764  0.000
 245 L   0.36940 0.63054 0.00006 ( 2)  0.576  0.000
 246 Y   0.08043 0.91957 0.00000 ( 2)  0.776  0.000
 247 T   0.00032 0.99561 0.00407 ( 2)  1.344  0.004
 248 S   0.00059 0.99317 0.00624 ( 2)  1.616  0.006
 249 -   0.32513 0.67484 0.00002 ( 2)  0.604  0.000
 250 -   0.34196 0.65800 0.00004 ( 2)  0.594  0.000
 251 -   0.31511 0.68442 0.00047 ( 2)  0.667  0.000
 252 -   0.84365 0.15635 0.00000 ( 1)  0.228  0.000
 253 -   0.21778 0.78222 0.00000 ( 2)  0.678  0.000
 254 -   0.72247 0.27753 0.00000 ( 1)  0.315  0.000
 255 -   0.00776 0.97955 0.01269 ( 2)  2.420  0.013
 256 -   0.78953 0.21047 0.00000 ( 1)  0.267  0.000
 257 -   0.06599 0.93362 0.00040 ( 2)  0.836  0.000
 258 S   0.02452 0.97485 0.00063 ( 2)  0.896  0.001
 259 P   0.32247 0.67753 0.00000 ( 2)  0.603  0.000
 260 D   0.97527 0.02473 0.00000 ( 1)  0.134  0.000
 261 I   0.04368 0.95628 0.00004 ( 2)  0.808  0.000
 262 L   0.37156 0.62844 0.00000 ( 2)  0.567  0.000
 263 A   0.00354 0.99521 0.00124 ( 2)  0.987  0.001
 264 K   0.00168 0.99824 0.00008 ( 2)  0.843  0.000
 265 Q   0.31164 0.68835 0.00001 ( 2)  0.611  0.000
 266 R   0.00715 0.99282 0.00003 ( 2)  0.833  0.000
 267 G   0.01243 0.98715 0.00042 ( 2)  0.878  0.000
 268 Q   0.07177 0.92823 0.00000 ( 2)  0.783  0.000
 269 L   0.14585 0.85414 0.00002 ( 2)  0.731  0.000
 270 L   0.05022 0.94971 0.00007 ( 2)  0.806  0.000
 271 W   0.00013 0.99326 0.00662 ( 2)  1.664  0.007
 272 I   0.02470 0.97529 0.00000 ( 2)  0.817  0.000
 273 F   0.02719 0.97024 0.00257 ( 2)  1.137  0.003
 274 P   0.92014 0.07985 0.00000 ( 1)  0.174  0.000
 275 D   0.00163 0.99671 0.00166 ( 2)  1.041  0.002
 276 -   0.15421 0.84453 0.00126 ( 2)  0.882  0.001
 277 -   0.21827 0.78168 0.00005 ( 2)  0.683  0.000
 278 -   0.01811 0.97925 0.00264 ( 2)  1.152  0.003
 279 -   0.81379 0.18621 0.00000 ( 1)  0.250  0.000
 280 -   0.00524 0.99387 0.00088 ( 2)  0.941  0.001
 281 -   0.06703 0.93294 0.00003 ( 2)  0.790  0.000
 282 -   0.05851 0.94138 0.00011 ( 2)  0.805  0.000
 283 -   0.27746 0.72247 0.00007 ( 2)  0.644  0.000
 284 -   0.80247 0.19753 0.00000 ( 1)  0.258  0.000
 285 -   0.00480 0.98355 0.01165 ( 2)  2.292  0.012
 286 -   0.41501 0.58497 0.00002 ( 2)  0.538  0.000
 287 -   0.00076 0.98766 0.01158 ( 2)  2.286  0.012
 288 -   0.00092 0.99642 0.00266 ( 2)  1.167  0.003
 289 -   0.32673 0.67209 0.00118 ( 2)  0.747  0.001
 290 -   0.00553 0.98370 0.01078 ( 2)  2.181  0.011
 291 -   0.34855 0.65144 0.00001 ( 2)  0.585  0.000
 292 -   0.71212 0.28788 0.00000 ( 1)  0.323  0.000
 293 -   0.04327 0.95669 0.00004 ( 2)  0.808  0.000
 294 -   0.23923 0.76038 0.00038 ( 2)  0.710  0.000
 295 -   0.23440 0.76556 0.00004 ( 2)  0.670  0.000
 296 -   0.73837 0.26163 0.00000 ( 1)  0.304  0.000
 297 -   0.84365 0.15635 0.00000 ( 1)  0.228  0.000
 298 -   0.06778 0.93205 0.00017 ( 2)  0.806  0.000
 299 -   0.19451 0.80494 0.00055 ( 2)  0.763  0.001
 300 -   0.05857 0.94073 0.00070 ( 2)  0.880  0.001
 301 -   0.32801 0.67199 0.00000 ( 2)  0.599  0.000
 302 -   0.44521 0.55477 0.00002 ( 2)  0.517  0.000
 303 -   0.00928 0.98951 0.00121 ( 2)  0.979  0.001
 304 -   0.00676 0.99281 0.00044 ( 2)  0.884  0.000
 305 -   0.09558 0.90419 0.00024 ( 2)  0.795  0.000
 306 -   0.87572 0.12428 0.00000 ( 1)  0.205  0.000
 307 -   0.73572 0.26428 0.00000 ( 1)  0.306  0.000
 308 -   0.23246 0.76753 0.00000 ( 2)  0.668  0.000
 309 -   0.08785 0.91165 0.00050 ( 2)  0.834  0.001
 310 -   0.82004 0.17995 0.00001 ( 1)  0.247  0.000
 311 -   0.66414 0.33586 0.00000 ( 1)  0.357  0.000
 312 -   0.70569 0.29430 0.00001 ( 1)  0.329  0.000
 313 -   0.25299 0.74695 0.00006 ( 2)  0.660  0.000
 314 -   0.00883 0.99068 0.00050 ( 2)  0.890  0.000
 315 -   0.65160 0.34840 0.00000 ( 1)  0.366  0.000
 316 -   0.72529 0.27471 0.00000 ( 1)  0.313  0.000
 317 -   0.66495 0.33505 0.00000 ( 1)  0.357  0.000
 318 -   0.66414 0.33586 0.00000 ( 1)  0.357  0.000
 319 -   0.86358 0.13642 0.00000 ( 1)  0.214  0.000
 320 -   0.69409 0.30591 0.00000 ( 1)  0.336  0.000
 321 -   0.56586 0.43414 0.00000 ( 1)  0.428  0.000
 322 -   0.67137 0.32863 0.00000 ( 1)  0.352  0.000
 323 -   0.82808 0.17192 0.00001 ( 1)  0.240  0.000
 324 -   0.86358 0.13642 0.00000 ( 1)  0.214  0.000
 325 -   0.26996 0.73004 0.00000 ( 2)  0.641  0.000
 326 -   0.05914 0.93917 0.00168 ( 2)  1.003  0.002
 327 -   0.67007 0.32991 0.00002 ( 1)  0.355  0.000
 328 -   0.04018 0.95809 0.00173 ( 2)  1.023  0.002
 329 -   0.03840 0.96141 0.00019 ( 2)  0.831  0.000
 330 -   0.03536 0.96455 0.00010 ( 2)  0.821  0.000
 331 -   0.83237 0.16762 0.00000 ( 1)  0.237  0.000
 332 -   0.80300 0.19700 0.00000 ( 1)  0.258  0.000
 333 -   0.02218 0.97764 0.00018 ( 2)  0.841  0.000
 334 -   0.03791 0.96202 0.00007 ( 2)  0.815  0.000
 335 -   0.06288 0.93707 0.00005 ( 2)  0.795  0.000
 336 -   0.77768 0.22232 0.00000 ( 1)  0.276  0.000
 337 -   0.66166 0.33834 0.00000 ( 1)  0.359  0.000
 338 -   0.05858 0.94141 0.00002 ( 2)  0.794  0.000
 339 -   0.70933 0.29067 0.00000 ( 1)  0.325  0.000
 340 -   0.19616 0.80384 0.00000 ( 2)  0.693  0.000
 341 -   0.75197 0.24803 0.00000 ( 1)  0.294  0.000
 342 -   0.88175 0.11825 0.00000 ( 1)  0.201  0.000
 343 -   0.80367 0.19633 0.00000 ( 1)  0.257  0.000
 344 -   0.68824 0.31176 0.00000 ( 1)  0.340  0.000
 345 -   0.72683 0.27317 0.00000 ( 1)  0.312  0.000
 346 -   0.68824 0.31176 0.00000 ( 1)  0.340  0.000
 347 -   0.77695 0.22305 0.00000 ( 1)  0.276  0.000
 348 -   0.00688 0.99206 0.00105 ( 2)  0.961  0.001
 349 -   0.04576 0.94315 0.01109 ( 2)  2.191  0.011
 350 -   0.06981 0.92604 0.00416 ( 2)  1.305  0.004
 351 -   0.20818 0.79182 0.00000 ( 2)  0.685  0.000
 352 -   0.06228 0.93760 0.00011 ( 2)  0.804  0.000
 353 -   0.04929 0.94847 0.00224 ( 2)  1.080  0.002
 354 -   0.04822 0.95172 0.00006 ( 2)  0.807  0.000
 355 -   0.15913 0.84067 0.00020 ( 2)  0.745  0.000
 356 -   0.23414 0.76586 0.00001 ( 2)  0.667  0.000
 357 -   0.03351 0.96089 0.00560 ( 2)  1.512  0.006
 358 -   0.24944 0.75056 0.00000 ( 2)  0.655  0.000
 359 -   0.87572 0.12428 0.00000 ( 1)  0.205  0.000
 360 -   0.31694 0.68305 0.00001 ( 2)  0.607  0.000
 361 -   0.23488 0.76512 0.00000 ( 2)  0.666  0.000
 362 -   0.06564 0.93433 0.00003 ( 2)  0.790  0.000
 363 -   0.37226 0.62773 0.00001 ( 2)  0.568  0.000
 364 -   0.70962 0.29038 0.00000 ( 1)  0.325  0.000
 365 -   0.69606 0.30394 0.00000 ( 1)  0.334  0.000
 366 -   0.84973 0.15027 0.00000 ( 1)  0.224  0.000
 367 -   0.11996 0.87999 0.00005 ( 2)  0.754  0.000
 368 -   0.05516 0.94471 0.00013 ( 2)  0.811  0.000
 369 -   0.27360 0.72632 0.00008 ( 2)  0.648  0.000
 370 -   0.41753 0.58244 0.00002 ( 2)  0.537  0.000
 371 -   0.18099 0.81897 0.00005 ( 2)  0.710  0.000
 372 -   0.01483 0.98487 0.00029 ( 2)  0.860  0.000
 373 -   0.00459 0.99268 0.00272 ( 2)  1.172  0.003
 374 -   0.80365 0.19634 0.00000 ( 1)  0.258  0.000
 375 -   0.18867 0.81121 0.00011 ( 2)  0.713  0.000
 376 -   0.26790 0.73210 0.00001 ( 2)  0.643  0.000
 377 -   0.20103 0.79897 0.00001 ( 2)  0.691  0.000
 378 -   0.05853 0.94142 0.00005 ( 2)  0.798  0.000
 379 -   0.77290 0.22710 0.00000 ( 1)  0.279  0.000
 380 -   0.65143 0.34854 0.00003 ( 1)  0.370  0.000
 381 -   0.77589 0.22411 0.00000 ( 1)  0.277  0.000
 382 S   0.86897 0.13103 0.00000 ( 1)  0.210  0.000
 383 A   0.72018 0.27981 0.00000 ( 1)  0.317  0.000
 384 G   0.57738 0.42262 0.00000 ( 1)  0.420  0.000
 385 N   0.42691 0.57309 0.00000 ( 2)  0.528  0.000
 386 C   0.66374 0.33626 0.00000 ( 1)  0.358  0.000
 387 V   0.00581 0.99409 0.00010 ( 2)  0.842  0.000
 388 P   0.01763 0.98173 0.00064 ( 2)  0.901  0.001
 389 Q   0.39102 0.60897 0.00000 ( 2)  0.553  0.000
 390 S   0.01261 0.98639 0.00100 ( 2)  0.951  0.001
 391 F   0.94202 0.05798 0.00000 ( 1)  0.158  0.000

Positively selected sites

	Prob(w>1)  mean w

   144 H      0.655         82.916


lnL = -5820.983662

