

TREE # 1

  0  0.0000   5894.597542  x:  1.73030   0.64234   0.05240   0.41049   0.00000   0.60055   0.31159   0.22132   0.07236   0.14837   0.17757   3.00000   1.39059   0.18347   0.28757  
  1 99.0000   5878.765365  x:  1.76412   0.67556   0.11743   0.44058   0.14016   0.67068   0.35459   0.24147   0.04730   0.19620   0.15982   2.96951   1.37538   0.19936   0.28088  
  2 238.0470   5864.284966  x:  1.91698   0.71362   0.19283   0.47515   0.06339   0.87325   0.39786   0.31945   0.07136   0.23885   0.20818   2.84083   1.29944   0.27856   0.31489  
  3 105.0287   5855.073569  x:  2.02692   0.72805   0.21896   0.49828   0.00802   0.97850   0.40662   0.30814   0.01228   0.23846   0.17047   2.74562   1.24449   0.33616   0.29105  
  4 210.1141   5848.879910  x:  2.14225   0.72554   0.21119   0.52233   0.00123   1.03505   0.40109   0.27695   0.05114   0.21459   0.14935   2.64052   1.18347   0.40033   0.22311  
  5 155.3777   5840.445411  x:  2.33556   0.70570   0.16302   0.54965   0.03351   1.06699   0.36856   0.21426   0.07649   0.16822   0.14440   2.46224   1.06554   0.52370   0.25263  
  6 201.1969   5829.861110  x:  2.60462   0.67212   0.06864   0.55917   0.07164   1.01338   0.30380   0.24419   0.03923   0.21526   0.19553   2.20501   0.89493   0.70333   0.20910  
  7 194.0395   5825.349855  x:  2.73277   0.69938   0.07794   0.53376   0.07043   0.92462   0.32164   0.29738   0.04913   0.21215   0.14809   2.08486   0.80841   0.79592   0.20856  
  8 108.5453   5823.335471  x:  2.79829   0.73368   0.11037   0.50766   0.06266   0.86433   0.36262   0.27470   0.04238   0.21097   0.17563   2.03101   0.76519   0.84347   0.19729  
  9 74.8588   5823.268330  x:  2.80583   0.73163   0.10674   0.50118   0.06175   0.86432   0.36882   0.27034   0.04485   0.21964   0.17227   2.03855   0.76215   0.84888   0.19800  
 10  7.5130   5823.134913  x:  2.83324   0.72838   0.09973   0.48451   0.06578   0.86803   0.37853   0.27464   0.04197   0.21255   0.17404   2.07476   0.75388   0.86735   0.19358  
 11  8.7013   5822.971407  x:  2.87657   0.73659   0.10720   0.48189   0.06646   0.86515   0.36389   0.27331   0.04356   0.21517   0.17394   2.13328   0.74381   0.89539   0.19013  
 12 12.9555   5822.915828  x:  2.89475   0.73705   0.10450   0.49945   0.06425   0.85969   0.37078   0.27445   0.04294   0.21543   0.17433   2.15498   0.74424   0.90558   0.18966  
 13  6.8395   5822.822519  x:  2.95806   0.75536   0.09193   0.49727   0.06445   0.85772   0.37165   0.27550   0.04318   0.21641   0.17418   2.15946   0.82842   0.91697   0.19265  
 14  1.1688   5822.631215  x:  3.01170   0.70376   0.12839   0.49713   0.05896   0.85945   0.37234   0.27637   0.04338   0.21613   0.17417   2.15629   0.97692   1.04721   0.19048  
 15  2.1701   5822.021418  x:  3.07198   0.74381   0.11319   0.50901   0.04125   0.90481   0.37721   0.27769   0.04536   0.21673   0.17259   2.14749   1.39060   1.56228   0.17436  
 16  9.2703   5821.843351  x:  3.11577   0.75076   0.09983   0.50573   0.04819   0.89271   0.37439   0.28094   0.04712   0.21814   0.17584   2.13058   1.92983   2.13976   0.17729  
 17  0.3890   5821.717939  x:  3.09598   0.74318   0.11133   0.50902   0.04892   0.89620   0.37520   0.27685   0.04366   0.21843   0.17616   2.14446   2.79159   2.95702   0.17749  
 18  0.3853   5821.671671  x:  3.06841   0.74438   0.10992   0.50768   0.04675   0.89620   0.37609   0.27878   0.04671   0.21774   0.17536   2.13872   3.38384   3.56810   0.18069  
 19  0.4325   5821.648583  x:  3.06632   0.74534   0.10580   0.50561   0.04835   0.89063   0.37458   0.27829   0.04526   0.21733   0.17544   2.13563   4.22233   4.40902   0.17782  
 20  0.4224   5821.639629  x:  3.06519   0.74407   0.10777   0.50767   0.04603   0.89362   0.37481   0.27744   0.04629   0.21736   0.17583   2.14034   4.88701   5.06469   0.17980  
 21  0.4633   5821.634169  x:  3.07021   0.74518   0.10659   0.50627   0.04763   0.89214   0.37504   0.27819   0.04574   0.21720   0.17523   2.13679   6.02959   6.21554   0.17896  
 22  0.4372   5821.632411  x:  3.07040   0.74435   0.10815   0.50745   0.04704   0.89406   0.37501   0.27786   0.04600   0.21756   0.17578   2.13931   6.70143   6.88145   0.17945  
 23  0.4801   5821.631653  x:  3.06989   0.74469   0.10768   0.50691   0.04738   0.89314   0.37519   0.27817   0.04588   0.21758   0.17550   2.13783   7.74292   7.92702   0.17919  
 24  0.4382   5821.631333  x:  3.06977   0.74449   0.10787   0.50724   0.04712   0.89369   0.37499   0.27791   0.04596   0.21749   0.17571   2.13892   8.56014   8.74094   0.17938  
 25  0.4966   5821.631210  x:  3.06940   0.74460   0.10759   0.50702   0.04716   0.89320   0.37505   0.27798   0.04593   0.21748   0.17556   2.13830   9.46609   9.64874   0.17927  
 26  0.4732   5821.631159  x:  3.06948   0.74454   0.10773   0.50715   0.04713   0.89349   0.37500   0.27793   0.04595   0.21747   0.17567   2.13871  10.29502  10.47640   0.17934  
 27  0.4621   5821.631135  x:  3.06961   0.74457   0.10771   0.50708   0.04718   0.89336   0.37506   0.27799   0.04593   0.21750   0.17560   2.13844  11.34976  11.53203   0.17930  
 28  0.5270   5821.631128  x:  3.06965   0.74456   0.10774   0.50713   0.04716   0.89346   0.37503   0.27796   0.04594   0.21749   0.17564   2.13860  11.93050  12.11226   0.17932  
 29  0.4046   5821.631123  x:  3.06960   0.74456   0.10771   0.50710   0.04716   0.89338   0.37504   0.27797   0.04594   0.21749   0.17561   2.13850  13.19332  13.37540   0.17930  
 30  0.4649   5821.631121  x:  3.06959   0.74456   0.10772   0.50712   0.04716   0.89343   0.37503   0.27796   0.04594   0.21748   0.17563   2.13857  14.43394  14.61578   0.17932  
 31  0.7532   5821.631121  x:  3.06960   0.74456   0.10772   0.50711   0.04716   0.89342   0.37503   0.27796   0.04594   0.21749   0.17563   2.13855  14.36399  14.54589   0.17931  
 32  0.1043   5821.631121  x:  3.06961   0.74456   0.10772   0.50711   0.04716   0.89341   0.37504   0.27797   0.04594   0.21749   0.17562   2.13853  14.67066  14.85262   0.17931  
 33  0.3233   5821.631121  x:  3.06962   0.74456   0.10772   0.50711   0.04716   0.89340   0.37504   0.27797   0.04594   0.21749   0.17562   2.13852  15.25317  15.43517   0.17931  
 34  0.9846   5821.631121  x:  3.06961   0.74456   0.10772   0.50711   0.04716   0.89342   0.37503   0.27797   0.04594   0.21749   0.17563   2.13855  16.24677  16.42867   0.17931  
 35  0.4488   5821.631121  x:  3.06961   0.74456   0.10772   0.50711   0.04716   0.89343   0.37503   0.27796   0.04594   0.21749   0.17563   2.13856  17.23295  17.41483   0.17931  
 36  1.7461   5821.631121  x:  3.06961   0.74456   0.10772   0.50711   0.04716   0.89342   0.37503   0.27796   0.04594   0.21749   0.17563   2.13855  16.84252  17.02441   0.17931  
 37  1.3934   5821.631121  x:  3.06961   0.74456   0.10772   0.50711   0.04716   0.89342   0.37503   0.27796   0.04594   0.21749   0.17563   2.13855  16.84243  17.02432   0.17931  
 38 21.4499   5821.631121  x:  3.06961   0.74456   0.10772   0.50711   0.04716   0.89342   0.37503   0.27796   0.04594   0.21749   0.17563   2.13855  16.84243  17.02432   0.17931  
 39  0.1059   5821.631121  x:  3.06961   0.74456   0.10772   0.50711   0.04716   0.89342   0.37503   0.27796   0.04594   0.21749   0.17563   2.13855  16.84243  17.02432   0.17932  
 40  0.0046   5821.631121  x:  3.06961   0.74456   0.10772   0.50711   0.04716   0.89342   0.37503   0.27797   0.04594   0.21749   0.17563   2.13855  16.84243  17.02432   0.17931  
 41  0.0024   5821.631121  x:  3.06961   0.74456   0.10772   0.50711   0.04716   0.89342   0.37504   0.27797   0.04594   0.21749   0.17563   2.13855  16.84242  17.02432   0.17931  
 42  0.0018   5821.631121  x:  3.06961   0.74456   0.10772   0.50711   0.04716   0.89342   0.37504   0.27797   0.04594   0.21749   0.17563   2.13855  16.84242  17.02432   0.17931  
 43  0.0017   5821.631121  x:  3.06961   0.74456   0.10772   0.50711   0.04716   0.89342   0.37504   0.27797   0.04594   0.21749   0.17563   2.13855  16.84242  17.02433   0.17931  
 44  0.0011   5821.631121  x:  3.06961   0.74456   0.10772   0.50711   0.04716   0.89342   0.37503   0.27797   0.04594   0.21749   0.17563   2.13855  16.84242  17.02433   0.17931  
 45  0.0031   5821.631121  x:  3.06961   0.74456   0.10772   0.50711   0.04716   0.89342   0.37503   0.27797   0.04594   0.21749   0.17563   2.13855  16.84241  17.02433   0.17931  
 46  0.0016   5821.631121  x:  3.06961   0.74456   0.10772   0.50711   0.04716   0.89342   0.37504   0.27797   0.04594   0.21749   0.17563   2.13855  16.84241  17.02433   0.17931  
 47  0.0008   5821.631121  x:  3.06961   0.74456   0.10772   0.50711   0.04716   0.89342   0.37504   0.27797   0.04594   0.21749   0.17563   2.13855  16.84241  17.02433   0.17931  
 48  0.0001   5821.631121  x:  3.06961   0.74456   0.10772   0.50711   0.04716   0.89342   0.37504   0.27797   0.04594   0.21749   0.17563   2.13855  16.84241  17.02433   0.17931  
 49  0.0002   5821.631121  x:  3.06960   0.74456   0.10772   0.50711   0.04716   0.89342   0.37504   0.27797   0.04594   0.21749   0.17563   2.13855  16.84241  17.02433   0.17931  
 50  0.0002   5821.631121  x:  3.06960   0.74456   0.10772   0.50711   0.04716   0.89342   0.37504   0.27797   0.04594   0.21749   0.17563   2.13855  16.84241  17.02433   0.17931  