Supplemental results for CODEML (seqf: align.fa  treef: tree.nwk)


MLEs of dN/dS (w) for site classes (K=3)

p:   0.45465  0.34396  0.20140
w:   0.17931  1.00000  1.00000

Naive Empirical Bayes (NEB) probabilities for 3 classes & postmean_w
(amino acids refer to 1st sequence: xeno|270561947)

   1 M   0.99538 0.00292 0.00171 ( 1)  0.183
   2 S   0.98073 0.01215 0.00712 ( 1)  0.195
   3 V   0.07754 0.58180 0.34066 ( 2)  0.936
   4 W   0.42384 0.36339 0.21277 ( 1)  0.652
   5 F   0.57028 0.27103 0.15869 ( 1)  0.532
   6 T   0.00067 0.63028 0.36905 ( 2)  0.999
   7 W   0.53973 0.29029 0.16997 ( 1)  0.557
   8 A   0.17414 0.52088 0.30499 ( 2)  0.857
   9 F   0.58789 0.25992 0.15219 ( 1)  0.518
  10 L   0.91539 0.05337 0.03125 ( 1)  0.249
  11 I   0.02664 0.61390 0.35946 ( 2)  0.978
  12 S   0.12101 0.55439 0.32461 ( 2)  0.901
  13 Q   0.00119 0.62996 0.36886 ( 2)  0.999
  14 C   0.41067 0.37169 0.21764 ( 1)  0.663
  15 F   0.57127 0.27040 0.15833 ( 1)  0.531
  16 V   0.46236 0.33910 0.19855 ( 1)  0.621
  17 L   0.01298 0.62252 0.36450 ( 2)  0.989
  18 Q   0.02536 0.61471 0.35993 ( 2)  0.979
  19 I   0.68313 0.19985 0.11702 ( 1)  0.439
  20 A   0.79066 0.13203 0.07731 ( 1)  0.351
  21 G   0.96934 0.01934 0.01132 ( 1)  0.204
  22 L   0.07215 0.58520 0.34265 ( 2)  0.941
  23 L   0.57549 0.26774 0.15677 ( 1)  0.528
  24 H   0.94982 0.03165 0.01853 ( 1)  0.220
  25 P   0.67047 0.20783 0.12169 ( 1)  0.450
  26 P   0.98644 0.00855 0.00501 ( 1)  0.190
  27 L   0.04226 0.60405 0.35369 ( 2)  0.965
  28 N   0.99292 0.00447 0.00262 ( 1)  0.185
  29 V   0.95297 0.02966 0.01737 ( 1)  0.218
  30 T   0.15223 0.53469 0.31308 ( 2)  0.875
  31 T   0.25155 0.47205 0.27640 ( 2)  0.794
  32 I   0.78313 0.13678 0.08009 ( 1)  0.357
  33 S   0.95470 0.02857 0.01673 ( 1)  0.216
  34 R   0.68878 0.19629 0.11493 ( 1)  0.435
  35 N   0.98612 0.00875 0.00513 ( 1)  0.191
  36 F   0.10777 0.56274 0.32950 ( 2)  0.912
  37 R   0.96640 0.02119 0.01241 ( 1)  0.207
  38 L   0.93740 0.03948 0.02312 ( 1)  0.231
  39 F   0.99199 0.00505 0.00296 ( 1)  0.186
  40 L   0.95825 0.02633 0.01542 ( 1)  0.214
  41 T   0.88286 0.07388 0.04326 ( 1)  0.275
  42 W   0.86898 0.08264 0.04839 ( 1)  0.287
  43 A   0.65663 0.21656 0.12680 ( 1)  0.461
  44 P   0.98231 0.01116 0.00653 ( 1)  0.194
  45 D   0.32768 0.42403 0.24828 ( 2)  0.731
  46 P   0.24055 0.47899 0.28046 ( 2)  0.803
  47 R   0.00265 0.62903 0.36831 ( 2)  0.998
  48 N   0.80435 0.12339 0.07225 ( 1)  0.340
  49 P   0.55022 0.28368 0.16610 ( 1)  0.548
  50 P   0.43124 0.35872 0.21004 ( 1)  0.646
  51 N   0.05076 0.59869 0.35055 ( 2)  0.958
  52 V   0.98503 0.00944 0.00553 ( 1)  0.192
  53 S   0.43604 0.35570 0.20827 ( 1)  0.642
  54 Y   0.98368 0.01030 0.00603 ( 1)  0.193
  55 Q   0.33095 0.42197 0.24708 ( 2)  0.728
  56 V   0.97951 0.01292 0.00757 ( 1)  0.196
  57 A   0.03210 0.61046 0.35744 ( 2)  0.974
  58 Y   0.96136 0.02437 0.01427 ( 1)  0.211
  59 Y   0.00317 0.62871 0.36812 ( 2)  0.997
  60 M   0.17144 0.52258 0.30598 ( 2)  0.859
  61 F   0.07500 0.58340 0.34160 ( 2)  0.938
  62 I   0.06375 0.59050 0.34575 ( 2)  0.948
  63 E   0.11733 0.55670 0.32597 ( 2)  0.904
  64 K   0.36576 0.40002 0.23422 ( 2)  0.700
  65 K   0.90966 0.05698 0.03336 ( 1)  0.253
  66 W   0.86898 0.08264 0.04839 ( 1)  0.287
  67 N   0.42591 0.36208 0.21201 ( 1)  0.650
  68 K   0.00024 0.63056 0.36921 ( 2)  1.000
  69 -   0.74069 0.16355 0.09576 ( 1)  0.392
  70 K   0.50085 0.31482 0.18434 ( 1)  0.589
  71 N   0.00228 0.62927 0.36845 ( 2)  0.998
  72 C   0.98318 0.01061 0.00621 ( 1)  0.193
  73 R   0.09698 0.56954 0.33348 ( 2)  0.920
  74 N   0.99463 0.00339 0.00198 ( 1)  0.184
  75 I   0.86669 0.08408 0.04923 ( 1)  0.289
  76 T   0.80858 0.12073 0.07069 ( 1)  0.336
  77 G   0.05436 0.59642 0.34922 ( 2)  0.955
  78 K   0.92306 0.04853 0.02841 ( 1)  0.242
  79 E   0.86208 0.08699 0.05093 ( 1)  0.293
  80 C   0.98737 0.00796 0.00466 ( 1)  0.190
  81 D   0.21866 0.49279 0.28854 ( 2)  0.821
  82 L   0.33166 0.42153 0.24682 ( 2)  0.728
  83 T   0.96569 0.02164 0.01267 ( 1)  0.207
  84 C   0.98318 0.01061 0.00621 ( 1)  0.193
  85 L   0.01869 0.61892 0.36239 ( 2)  0.985
  86 F   0.68156 0.20084 0.11760 ( 1)  0.441
  87 Y   0.21770 0.49340 0.28890 ( 2)  0.821
  88 T   0.18397 0.51467 0.30136 ( 2)  0.849
  89 H   0.00235 0.62922 0.36843 ( 2)  0.998
  90 N   0.23420 0.48299 0.28281 ( 2)  0.808
  91 Y   0.67404 0.20558 0.12037 ( 1)  0.447
  92 I   0.00085 0.63017 0.36898 ( 2)  0.999
  93 V   0.98503 0.00944 0.00553 ( 1)  0.192
  94 G   0.03427 0.60909 0.35664 ( 2)  0.972
  95 V   0.94059 0.03747 0.02194 ( 1)  0.228
  96 R   0.27771 0.45555 0.26674 ( 2)  0.772
  97 T   0.39176 0.38362 0.22462 ( 1)  0.678
  98 K   0.03171 0.61070 0.35758 ( 2)  0.974
  99 F   0.71035 0.18268 0.10696 ( 1)  0.417
 100 G   0.14666 0.53821 0.31513 ( 2)  0.880
 101 S   0.83666 0.10302 0.06032 ( 1)  0.313
 102 S   0.00073 0.63024 0.36902 ( 2)  0.999
 103 M   0.49519 0.31839 0.18642 ( 1)  0.594
 104 S   0.96766 0.02040 0.01194 ( 1)  0.206
 105 K   0.05431 0.59645 0.34924 ( 2)  0.955
 106 W   0.86898 0.08264 0.04839 ( 1)  0.287
 107 E   0.62353 0.23744 0.13903 ( 1)  0.488
 108 E   0.30495 0.43837 0.25668 ( 2)  0.750
 109 I   0.67878 0.20259 0.11862 ( 1)  0.443
 110 K   0.03208 0.61047 0.35745 ( 2)  0.974
 111 D   0.98124 0.01183 0.00693 ( 1)  0.195
 112 I   0.99058 0.00594 0.00348 ( 1)  0.187
 113 S   0.00474 0.62772 0.36755 ( 2)  0.996
 114 Y   0.95401 0.02901 0.01699 ( 1)  0.217
 115 I   0.16261 0.52814 0.30924 ( 2)  0.867
 116 F   0.77291 0.14323 0.08386 ( 1)  0.366
 117 T   0.98484 0.00956 0.00560 ( 1)  0.192
 118 V   0.92698 0.04606 0.02697 ( 1)  0.239
 119 D   0.94141 0.03696 0.02164 ( 1)  0.227
 120 P   0.97998 0.01262 0.00739 ( 1)  0.196
 121 E   0.78325 0.13671 0.08005 ( 1)  0.357
 122 A   0.89710 0.06490 0.03800 ( 1)  0.264
 123 P   0.97974 0.01278 0.00748 ( 1)  0.196
 124 T   0.21872 0.49276 0.28852 ( 2)  0.820
 125 L   0.73694 0.16592 0.09715 ( 1)  0.395
 126 E   0.69765 0.19069 0.11166 ( 1)  0.427
 127 V   0.98503 0.00944 0.00553 ( 1)  0.192
 128 K   0.57949 0.26522 0.15529 ( 1)  0.524
 129 F   0.01487 0.62132 0.36380 ( 2)  0.988
 130 V   0.82237 0.11203 0.06560 ( 1)  0.325
 131 D   0.83733 0.10260 0.06007 ( 1)  0.313
 132 K   0.09718 0.56941 0.33341 ( 2)  0.920
 133 S   0.00585 0.62702 0.36713 ( 2)  0.995
 134 M   0.04855 0.60008 0.35137 ( 2)  0.960
 135 Y   0.10038 0.56740 0.33223 ( 2)  0.918
 136 I   0.58491 0.26180 0.15329 ( 1)  0.520
 137 N   0.45526 0.34357 0.20117 ( 1)  0.626
 138 A   0.00325 0.62866 0.36809 ( 2)  0.997
 139 A   0.00917 0.62492 0.36591 ( 2)  0.992
 140 V   0.00072 0.63025 0.36903 ( 2)  0.999
 141 K   0.01637 0.62038 0.36325 ( 2)  0.987
 142 T   0.00399 0.62819 0.36782 ( 2)  0.997
 143 P   0.97857 0.01351 0.00791 ( 1)  0.197
 144 H   0.00005 0.63068 0.36928 ( 2)  1.000
 145 C   0.95463 0.02861 0.01675 ( 1)  0.217
 146 I   0.07562 0.58301 0.34137 ( 2)  0.938
 147 K   0.00415 0.62809 0.36776 ( 2)  0.997
 148 D   0.00104 0.63005 0.36891 ( 2)  0.999
 149 I   0.02094 0.61750 0.36156 ( 2)  0.983
 150 Y   0.14398 0.53990 0.31612 ( 2)  0.882
 151 -   0.79742 0.12777 0.07481 ( 1)  0.346
 152 -   0.00030 0.63052 0.36918 ( 2)  1.000
 153 -   0.48305 0.32604 0.19091 ( 1)  0.604
 154 N   0.01733 0.61977 0.36289 ( 2)  0.986
 155 L   0.75301 0.15578 0.09121 ( 1)  0.382
 156 K   0.00973 0.62457 0.36570 ( 2)  0.992
 157 Y   0.91289 0.05494 0.03217 ( 1)  0.251
 158 N   0.00234 0.62923 0.36843 ( 2)  0.998
 159 I   0.81217 0.11847 0.06937 ( 1)  0.333
 160 E   0.04078 0.60498 0.35423 ( 2)  0.967
 161 N   0.02265 0.61642 0.36093 ( 2)  0.981
 162 A   0.10002 0.56762 0.33236 ( 2)  0.918
 163 P   0.02476 0.61509 0.36015 ( 2)  0.980
 164 K   0.04637 0.60146 0.35217 ( 2)  0.962
 165 Q   0.61914 0.24021 0.14065 ( 1)  0.492
 166 I   0.56268 0.27582 0.16150 ( 1)  0.538
 167 K   0.76979 0.14519 0.08501 ( 1)  0.368
 168 F   0.59150 0.25765 0.15086 ( 1)  0.515
 169 K   0.78320 0.13674 0.08006 ( 1)  0.357
 170 E   0.84914 0.09515 0.05571 ( 1)  0.303
 171 V   0.60625 0.24834 0.14541 ( 1)  0.502
 172 K   0.00261 0.62906 0.36833 ( 2)  0.998
 173 M   0.20514 0.50132 0.29354 ( 2)  0.832
 174 N   0.00308 0.62876 0.36816 ( 2)  0.997
 175 S   0.16884 0.52422 0.30694 ( 2)  0.861
 176 A   0.43670 0.35528 0.20802 ( 1)  0.642
 177 V   0.04606 0.60165 0.35228 ( 2)  0.962
 178 I   0.26399 0.46421 0.27181 ( 2)  0.783
 179 L   0.00374 0.62835 0.36791 ( 2)  0.997
 180 D   0.88162 0.07466 0.04372 ( 1)  0.276
 181 T   0.90168 0.06201 0.03631 ( 1)  0.260
 182 T   0.68971 0.19570 0.11459 ( 1)  0.434
 183 G   0.97070 0.01848 0.01082 ( 1)  0.203
 184 L   0.42368 0.36349 0.21283 ( 1)  0.652
 185 S   0.88146 0.07477 0.04378 ( 1)  0.277
 186 G   0.96969 0.01911 0.01119 ( 1)  0.204
 187 N   0.86323 0.08626 0.05051 ( 1)  0.292
 188 Y   0.97345 0.01674 0.00980 ( 1)  0.201
 189 C   0.98780 0.00770 0.00451 ( 1)  0.189
 190 V   0.22305 0.49002 0.28692 ( 2)  0.817
 191 E   0.89986 0.06316 0.03698 ( 1)  0.261
 192 A   0.43091 0.35893 0.21016 ( 1)  0.646
 193 L   0.20302 0.50266 0.29432 ( 2)  0.833
 194 T   0.96886 0.01964 0.01150 ( 1)  0.205
 195 V   0.22021 0.49182 0.28797 ( 2)  0.819
 196 F   0.57190 0.27000 0.15809 ( 1)  0.531
 197 T   0.59666 0.25439 0.14895 ( 1)  0.510
 198 M   0.56133 0.27667 0.16200 ( 1)  0.539
 199 E   0.00509 0.62750 0.36742 ( 2)  0.996
 200 Q   0.13405 0.54616 0.31979 ( 2)  0.890
 201 K   0.00302 0.62880 0.36818 ( 2)  0.998
 202 K   0.99177 0.00519 0.00304 ( 1)  0.186
 203 I   0.00010 0.63064 0.36926 ( 2)  1.000
 204 S   0.98170 0.01154 0.00676 ( 1)  0.194
 205 Q   0.02964 0.61201 0.35835 ( 2)  0.976
 206 P   0.19443 0.50807 0.29749 ( 2)  0.840
 207 S   0.95470 0.02857 0.01673 ( 1)  0.216
 208 K   0.00006 0.63067 0.36927 ( 2)  1.000
 209 P   0.98289 0.01079 0.00632 ( 1)  0.193
 210 F   0.42096 0.36520 0.21384 ( 1)  0.655
 211 C   0.95174 0.03044 0.01782 ( 1)  0.219
 212 H   0.44526 0.34988 0.20486 ( 1)  0.635
 213 L   0.39012 0.38465 0.22523 ( 1)  0.680
 214 F   0.31498 0.43205 0.25297 ( 2)  0.741
 215 -   0.19913 0.50511 0.29576 ( 2)  0.837
 216 -   0.21917 0.49247 0.28835 ( 2)  0.820
 217 K   0.94640 0.03381 0.01979 ( 1)  0.223
 218 D   0.99496 0.00318 0.00186 ( 1)  0.183
 219 E   0.22464 0.48903 0.28634 ( 2)  0.816
 220 E   0.00027 0.63053 0.36919 ( 2)  1.000
 221 Y   0.04291 0.60364 0.35345 ( 2)  0.965
 222 N   0.56867 0.27204 0.15929 ( 1)  0.533
 223 S   0.02435 0.61535 0.36030 ( 2)  0.980
 224 G   0.04142 0.60458 0.35400 ( 2)  0.966
 225 H   0.03013 0.61170 0.35817 ( 2)  0.975
 226 N   0.00757 0.62593 0.36650 ( 2)  0.994
 227 W   0.00042 0.63044 0.36914 ( 2)  1.000
 228 S   0.00795 0.62569 0.36636 ( 2)  0.993
 229 F   0.02502 0.61493 0.36006 ( 2)  0.979
 230 A   0.02074 0.61762 0.36164 ( 2)  0.983
 231 V   0.08881 0.57469 0.33650 ( 2)  0.927
 232 L   0.00310 0.62875 0.36815 ( 2)  0.997
 233 I   0.16218 0.52842 0.30940 ( 2)  0.867
 234 L   0.01741 0.61973 0.36287 ( 2)  0.986
 235 F   0.00733 0.62608 0.36659 ( 2)  0.994
 236 P   0.00489 0.62762 0.36749 ( 2)  0.996
 237 I   0.22831 0.48671 0.28498 ( 2)  0.813
 238 L   0.27325 0.45837 0.26839 ( 2)  0.776
 239 L   0.00200 0.62944 0.36856 ( 2)  0.998
 240 I   0.01051 0.62408 0.36541 ( 2)  0.991
 241 S   0.04375 0.60311 0.35314 ( 2)  0.964
 242 G   0.00955 0.62468 0.36577 ( 2)  0.992
 243 I   0.02055 0.61774 0.36170 ( 2)  0.983
 244 L   0.24543 0.47591 0.27866 ( 2)  0.799
 245 L   0.59742 0.25391 0.14867 ( 1)  0.510
 246 Y   0.21798 0.49322 0.28879 ( 2)  0.821
 247 T   0.00224 0.62929 0.36847 ( 2)  0.998
 248 S   0.00357 0.62845 0.36798 ( 2)  0.997
 249 -   0.53505 0.29324 0.17170 ( 1)  0.561
 250 -   0.55768 0.27897 0.16335 ( 1)  0.542
 251 -   0.52199 0.30149 0.17653 ( 1)  0.572
 252 -   0.91178 0.05564 0.03258 ( 1)  0.252
 253 -   0.39255 0.38312 0.22433 ( 1)  0.678
 254 -   0.82900 0.10785 0.06315 ( 1)  0.320
 255 -   0.03044 0.61151 0.35805 ( 2)  0.975
 256 -   0.87869 0.07651 0.04480 ( 1)  0.279
 257 -   0.18048 0.51688 0.30264 ( 2)  0.852
 258 S   0.09749 0.56922 0.33329 ( 2)  0.920
 259 P   0.53165 0.29539 0.17296 ( 1)  0.564
 260 D   0.98687 0.00828 0.00485 ( 1)  0.190
 261 I   0.16347 0.52760 0.30892 ( 2)  0.866
 262 L   0.59315 0.25660 0.15025 ( 1)  0.513
 263 A   0.01941 0.61846 0.36213 ( 2)  0.984
 264 K   0.00892 0.62508 0.36600 ( 2)  0.993
 265 Q   0.60778 0.24738 0.14485 ( 1)  0.501
 266 R   0.03960 0.60573 0.35467 ( 2)  0.967
 267 G   0.04695 0.60110 0.35196 ( 2)  0.961
 268 Q   0.19825 0.50567 0.29608 ( 2)  0.837
 269 L   0.35821 0.40478 0.23701 ( 2)  0.706
 270 L   0.19158 0.50988 0.29855 ( 2)  0.843
 271 W   0.00083 0.63018 0.36899 ( 2)  0.999
 272 I   0.10073 0.56717 0.33210 ( 2)  0.917
 273 F   0.08466 0.57731 0.33803 ( 2)  0.931
 274 P   0.95760 0.02674 0.01566 ( 1)  0.214
 275 D   0.00967 0.62461 0.36573 ( 2)  0.992
 276 -   0.28342 0.45195 0.26463 ( 2)  0.767
 277 -   0.39353 0.38250 0.22397 ( 1)  0.677
 278 -   0.04841 0.60018 0.35142 ( 2)  0.960
 279 -   0.89272 0.06766 0.03962 ( 1)  0.267
 280 -   0.01976 0.61824 0.36200 ( 2)  0.984
 281 -   0.18586 0.51348 0.30066 ( 2)  0.847
 282 -   0.16299 0.52790 0.30910 ( 2)  0.866
 283 -   0.48023 0.32782 0.19195 ( 1)  0.606
 284 -   0.88711 0.07120 0.04169 ( 1)  0.272
 285 -   0.01796 0.61937 0.36266 ( 2)  0.985
 286 -   0.63440 0.23059 0.13501 ( 1)  0.479
 287 -   0.00382 0.62829 0.36788 ( 2)  0.997
 288 -   0.00468 0.62775 0.36757 ( 2)  0.996
 289 -   0.52694 0.29836 0.17470 ( 1)  0.568
 290 -   0.02084 0.61756 0.36160 ( 2)  0.983
 291 -   0.56506 0.27432 0.16062 ( 1)  0.536
 292 -   0.82044 0.11325 0.06631 ( 1)  0.327
 293 -   0.12034 0.55480 0.32485 ( 2)  0.901
 294 -   0.42125 0.36502 0.21373 ( 1)  0.654
 295 -   0.41653 0.36800 0.21547 ( 1)  0.658
 296 -   0.83885 0.10164 0.05951 ( 1)  0.312
 297 -   0.91178 0.05564 0.03258 ( 1)  0.252
 298 -   0.18708 0.51272 0.30021 ( 2)  0.846
 299 -   0.35259 0.40833 0.23909 ( 2)  0.711
 300 -   0.15757 0.53132 0.31110 ( 2)  0.871
 301 -   0.54668 0.28591 0.16741 ( 1)  0.551
 302 -   0.66386 0.21200 0.12413 ( 1)  0.455
 303 -   0.03618 0.60788 0.35593 ( 2)  0.970
 304 -   0.02574 0.61447 0.35979 ( 2)  0.979
 305 -   0.25273 0.47131 0.27596 ( 2)  0.793
 306 -   0.93259 0.04252 0.02489 ( 1)  0.235
 307 -   0.83954 0.10120 0.05926 ( 1)  0.311
 308 -   0.41607 0.36829 0.21564 ( 1)  0.659
 309 -   0.23417 0.48302 0.28282 ( 2)  0.808
 310 -   0.89322 0.06735 0.03943 ( 1)  0.267
 311 -   0.78153 0.13779 0.08068 ( 1)  0.359
 312 -   0.81539 0.11644 0.06818 ( 1)  0.331
 313 -   0.43640 0.35547 0.20814 ( 1)  0.642
 314 -   0.03456 0.60891 0.35653 ( 2)  0.972
 315 -   0.77302 0.14316 0.08382 ( 1)  0.366
 316 -   0.83134 0.10637 0.06228 ( 1)  0.318
 317 -   0.78345 0.13658 0.07997 ( 1)  0.357
 318 -   0.78153 0.13779 0.08068 ( 1)  0.359
 319 -   0.92822 0.04527 0.02651 ( 1)  0.238
 320 -   0.80729 0.12154 0.07117 ( 1)  0.337
 321 -   0.69492 0.19242 0.11267 ( 1)  0.430
 322 -   0.78843 0.13344 0.07813 ( 1)  0.353
 323 -   0.90141 0.06218 0.03641 ( 1)  0.260
 324 -   0.92822 0.04527 0.02651 ( 1)  0.238
 325 -   0.47024 0.33412 0.19564 ( 1)  0.614
 326 -   0.16014 0.52970 0.31016 ( 2)  0.869
 327 -   0.78506 0.13556 0.07938 ( 1)  0.356
 328 -   0.11131 0.56050 0.32819 ( 2)  0.909
 329 -   0.10588 0.56393 0.33020 ( 2)  0.913
 330 -   0.09750 0.56921 0.33329 ( 2)  0.920
 331 -   0.90728 0.05848 0.03424 ( 1)  0.255
 332 -   0.88537 0.07230 0.04233 ( 1)  0.273
 333 -   0.06139 0.59199 0.34662 ( 2)  0.950
 334 -   0.10632 0.56365 0.33003 ( 2)  0.913
 335 -   0.17443 0.52069 0.30488 ( 2)  0.857
 336 -   0.86898 0.08263 0.04838 ( 1)  0.287
 337 -   0.78148 0.13782 0.08070 ( 1)  0.359
 338 -   0.16261 0.52815 0.30924 ( 2)  0.867
 339 -   0.81750 0.11510 0.06740 ( 1)  0.329
 340 -   0.36215 0.40230 0.23556 ( 2)  0.703
 341 -   0.85162 0.09358 0.05479 ( 1)  0.301
 342 -   0.93459 0.04125 0.02415 ( 1)  0.233
 343 -   0.88536 0.07231 0.04234 ( 1)  0.273
 344 -   0.80072 0.12569 0.07359 ( 1)  0.343
 345 -   0.83370 0.10488 0.06141 ( 1)  0.316
 346 -   0.80072 0.12569 0.07359 ( 1)  0.343
 347 -   0.86912 0.08254 0.04833 ( 1)  0.287
 348 -   0.02161 0.61708 0.36132 ( 2)  0.982
 349 -   0.12800 0.54998 0.32203 ( 2)  0.895
 350 -   0.18299 0.51529 0.30172 ( 2)  0.850
 351 -   0.38080 0.39053 0.22867 ( 2)  0.687
 352 -   0.15046 0.53581 0.31373 ( 2)  0.877
 353 -   0.12748 0.55030 0.32222 ( 2)  0.895
 354 -   0.12901 0.54934 0.32165 ( 2)  0.894
 355 -   0.28259 0.45247 0.26493 ( 2)  0.768
 356 -   0.41727 0.36753 0.21520 ( 1)  0.658
 357 -   0.09271 0.57224 0.33506 ( 2)  0.924
 358 -   0.44253 0.35160 0.20587 ( 1)  0.637
 359 -   0.93259 0.04252 0.02489 ( 1)  0.235
 360 -   0.53390 0.29397 0.17213 ( 1)  0.562
 361 -   0.41914 0.36635 0.21451 ( 1)  0.656
 362 -   0.18110 0.51648 0.30241 ( 2)  0.851
 363 -   0.59129 0.25778 0.15094 ( 1)  0.515
 364 -   0.81734 0.11521 0.06746 ( 1)  0.329
 365 -   0.80745 0.12144 0.07111 ( 1)  0.337
 366 -   0.91467 0.05382 0.03151 ( 1)  0.249
 367 -   0.22506 0.48876 0.28618 ( 2)  0.815
 368 -   0.15347 0.53391 0.31262 ( 2)  0.874
 369 -   0.46971 0.33445 0.19583 ( 1)  0.615
 370 -   0.63378 0.23098 0.13524 ( 1)  0.480
 371 -   0.33615 0.41869 0.24516 ( 2)  0.724
 372 -   0.04539 0.60208 0.35253 ( 2)  0.963
 373 -   0.01729 0.61980 0.36291 ( 2)  0.986
 374 -   0.88570 0.07209 0.04221 ( 1)  0.273
 375 -   0.34207 0.41496 0.24297 ( 2)  0.719
 376 -   0.46704 0.33614 0.19682 ( 1)  0.617
 377 -   0.36094 0.40306 0.23600 ( 2)  0.704
 378 -   0.15870 0.53061 0.31069 ( 2)  0.870
 379 -   0.86406 0.08574 0.05020 ( 1)  0.291
 380 -   0.76578 0.14773 0.08650 ( 1)  0.372
 381 -   0.86995 0.08202 0.04803 ( 1)  0.286
 382 S   0.92595 0.04671 0.02735 ( 1)  0.240
 383 A   0.87094 0.08140 0.04766 ( 1)  0.285
 384 G   0.78426 0.13607 0.07967 ( 1)  0.356
 385 N   0.73018 0.17018 0.09964 ( 1)  0.401
 386 C   0.84086 0.10037 0.05877 ( 1)  0.310
 387 V   0.03295 0.60992 0.35713 ( 2)  0.973
 388 P   0.06584 0.58918 0.34498 ( 2)  0.946
 389 Q   0.62019 0.23955 0.14026 ( 1)  0.491
 390 S   0.04611 0.60162 0.35227 ( 2)  0.962
 391 F   0.96669 0.02101 0.01230 ( 1)  0.207

Positively selected sites

	Prob(w>1)  mean w



lnL = -5821.631121

Bayes Empirical Bayes (BEB) probabilities for 3 classes (class) & postmean_w
(amino acids refer to 1st sequence: xeno|270561947)

   1 M   0.99595 0.00399 0.00006 ( 1)  0.205 +-  0.072
   2 S   0.98361 0.01594 0.00044 ( 1)  0.215 +-  0.115
   3 V   0.13569 0.77005 0.09426 ( 2)  0.950 +-  0.343
   4 W   0.51012 0.46574 0.02414 ( 1)  0.612 +-  0.416
   5 F   0.63551 0.34431 0.02018 ( 1)  0.508 +-  0.405
   6 T   0.00190 0.63168 0.36642 ( 2)  1.395 +-  0.780
   7 W   0.60698 0.37025 0.02277 ( 1)  0.532 +-  0.412
   8 A   0.25935 0.67577 0.06487 ( 2)  0.837 +-  0.396
   9 F   0.65522 0.33049 0.01429 ( 1)  0.490 +-  0.393
  10 L   0.92954 0.06752 0.00294 ( 1)  0.260 +-  0.217
  11 I   0.04568 0.70728 0.24704 ( 2)  1.204 +-  0.632
  12 S   0.20151 0.73417 0.06432 ( 2)  0.880 +-  0.358
  13 Q   0.00410 0.78691 0.20898 ( 2)  1.138 +-  0.350
  14 C   0.49760 0.47653 0.02587 ( 1)  0.623 +-  0.417
  15 F   0.64695 0.34385 0.00920 ( 1)  0.495 +-  0.388
  16 V   0.54163 0.43287 0.02549 ( 1)  0.588 +-  0.419
  17 L   0.03163 0.82903 0.13933 ( 2)  1.058 +-  0.276
  18 Q   0.05727 0.82055 0.12218 ( 2)  1.030 +-  0.302
  19 I   0.73553 0.25350 0.01098 ( 1)  0.423 +-  0.367
  20 A   0.82605 0.16622 0.00773 ( 1)  0.347 +-  0.318
  21 G   0.97446 0.02487 0.00067 ( 1)  0.222 +-  0.138
  22 L   0.12512 0.76948 0.10540 ( 2)  0.967 +-  0.349
  23 L   0.63925 0.34072 0.02003 ( 1)  0.505 +-  0.404
  24 H   0.95907 0.03999 0.00094 ( 1)  0.235 +-  0.169
  25 P   0.72835 0.26372 0.00793 ( 1)  0.427 +-  0.364
  26 P   0.98849 0.01127 0.00024 ( 1)  0.211 +-  0.100
  27 L   0.07167 0.76380 0.16453 ( 2)  1.064 +-  0.417
  28 N   0.99368 0.00617 0.00015 ( 1)  0.207 +-  0.082
  29 V   0.96023 0.03812 0.00164 ( 1)  0.234 +-  0.169
  30 T   0.22904 0.69348 0.07749 ( 2)  0.869 +-  0.396
  31 T   0.34401 0.60653 0.04947 ( 2)  0.761 +-  0.415
  32 I   0.82243 0.17325 0.00432 ( 1)  0.349 +-  0.314
  33 S   0.96235 0.03648 0.00116 ( 1)  0.232 +-  0.164
  34 R   0.74013 0.24814 0.01172 ( 1)  0.419 +-  0.366
  35 N   0.98800 0.01170 0.00030 ( 1)  0.211 +-  0.102
  36 F   0.17224 0.73037 0.09739 ( 2)  0.928 +-  0.388
  37 R   0.97279 0.02681 0.00040 ( 1)  0.224 +-  0.140
  38 L   0.94813 0.05010 0.00177 ( 1)  0.244 +-  0.189
  39 F   0.99305 0.00682 0.00013 ( 1)  0.207 +-  0.084
  40 L   0.96542 0.03362 0.00096 ( 1)  0.230 +-  0.157
  41 T   0.90295 0.09314 0.00391 ( 1)  0.282 +-  0.250
  42 W   0.89164 0.10395 0.00442 ( 1)  0.291 +-  0.261
  43 A   0.71664 0.27489 0.00847 ( 1)  0.437 +-  0.369
  44 P   0.98510 0.01458 0.00032 ( 1)  0.214 +-  0.110
  45 D   0.42498 0.54321 0.03181 ( 2)  0.686 +-  0.414
  46 P   0.32008 0.62036 0.05956 ( 2)  0.785 +-  0.416
  47 R   0.00968 0.83167 0.15865 ( 2)  1.093 +-  0.294
  48 N   0.83697 0.15649 0.00654 ( 1)  0.338 +-  0.309
  49 P   0.61894 0.36032 0.02074 ( 1)  0.523 +-  0.409
  50 P   0.51794 0.45796 0.02410 ( 1)  0.607 +-  0.416
  51 N   0.10790 0.80636 0.08574 ( 2)  0.966 +-  0.311
  52 V   0.98717 0.01251 0.00032 ( 1)  0.212 +-  0.104
  53 S   0.51746 0.45469 0.02785 ( 1)  0.609 +-  0.421
  54 Y   0.98613 0.01355 0.00032 ( 1)  0.213 +-  0.107
  55 Q   0.43311 0.54057 0.02632 ( 2)  0.677 +-  0.409
  56 V   0.98265 0.01690 0.00045 ( 1)  0.216 +-  0.118
  57 A   0.06401 0.81201 0.12398 ( 2)  1.023 +-  0.301
  58 Y   0.96787 0.03122 0.00091 ( 1)  0.228 +-  0.152
  59 Y   0.00932 0.79948 0.19120 ( 2)  1.120 +-  0.338
  60 M   0.28405 0.68035 0.03560 ( 2)  0.800 +-  0.374
  61 F   0.12339 0.74989 0.12672 ( 2)  0.989 +-  0.396
  62 I   0.12671 0.78762 0.08567 ( 2)  0.952 +-  0.328
  63 E   0.20778 0.73194 0.06028 ( 2)  0.874 +-  0.359
  64 K   0.46653 0.51135 0.02212 ( 2)  0.648 +-  0.409
  65 K   0.92652 0.07160 0.00188 ( 1)  0.262 +-  0.218
  66 W   0.89164 0.10395 0.00442 ( 1)  0.291 +-  0.261
  67 N   0.50996 0.46321 0.02684 ( 1)  0.614 +-  0.419
  68 K   0.00062 0.53736 0.46202 ( 2)  1.551 +-  0.942
  69 -   0.78482 0.20616 0.00902 ( 1)  0.381 +-  0.343
  70 K   0.58268 0.40170 0.01562 ( 1)  0.550 +-  0.405
  71 N   0.00750 0.80262 0.18989 ( 2)  1.126 +-  0.360
  72 C   0.98594 0.01381 0.00025 ( 1)  0.213 +-  0.108
  73 R   0.18450 0.75762 0.05788 ( 2)  0.890 +-  0.341
  74 N   0.99518 0.00472 0.00010 ( 1)  0.205 +-  0.075
  75 I   0.88970 0.10587 0.00443 ( 1)  0.293 +-  0.263
  76 T   0.84190 0.15193 0.00617 ( 1)  0.333 +-  0.304
  77 G   0.10832 0.79619 0.09549 ( 2)  0.973 +-  0.327
  78 K   0.93724 0.06108 0.00167 ( 1)  0.253 +-  0.204
  79 E   0.88621 0.10942 0.00436 ( 1)  0.296 +-  0.266
  80 C   0.98935 0.01046 0.00018 ( 1)  0.210 +-  0.097
  81 D   0.31038 0.63721 0.05240 ( 2)  0.789 +-  0.403
  82 L   0.43225 0.53949 0.02826 ( 2)  0.679 +-  0.412
  83 T   0.97116 0.02792 0.00092 ( 1)  0.225 +-  0.146
  84 C   0.98594 0.01381 0.00025 ( 1)  0.213 +-  0.108
  85 L   0.04352 0.82384 0.13264 ( 2)  1.047 +-  0.296
  86 F   0.73504 0.25479 0.01017 ( 1)  0.423 +-  0.366
  87 Y   0.29464 0.63925 0.06611 ( 2)  0.809 +-  0.414
  88 T   0.27609 0.67087 0.05304 ( 2)  0.816 +-  0.388
  89 H   0.00556 0.73033 0.26411 ( 2)  1.212 +-  0.495
  90 N   0.31920 0.61949 0.06131 ( 2)  0.789 +-  0.424
  91 Y   0.72990 0.25973 0.01037 ( 1)  0.427 +-  0.368
  92 I   0.00257 0.68157 0.31586 ( 2)  1.302 +-  0.656
  93 V   0.98717 0.01251 0.00032 ( 1)  0.212 +-  0.104
  94 G   0.06232 0.78074 0.15694 ( 2)  1.059 +-  0.376
  95 V   0.95024 0.04776 0.00199 ( 1)  0.242 +-  0.186
  96 R   0.35481 0.58507 0.06011 ( 2)  0.758 +-  0.430
  97 T   0.47052 0.48890 0.04058 ( 2)  0.655 +-  0.436
  98 K   0.06882 0.81166 0.11952 ( 2)  1.020 +-  0.315
  99 F   0.75972 0.23170 0.00858 ( 1)  0.402 +-  0.353
 100 G   0.23589 0.71082 0.05328 ( 2)  0.847 +-  0.366
 101 S   0.86497 0.12954 0.00549 ( 1)  0.314 +-  0.287
 102 S   0.00276 0.77819 0.21905 ( 2)  1.148 +-  0.364
 103 M   0.57949 0.40561 0.01491 ( 1)  0.552 +-  0.404
 104 S   0.97302 0.02626 0.00072 ( 1)  0.223 +-  0.141
 105 K   0.07831 0.72671 0.19497 ( 2)  1.101 +-  0.518
 106 W   0.89164 0.10395 0.00442 ( 1)  0.291 +-  0.261
 107 E   0.68604 0.30155 0.01240 ( 1)  0.464 +-  0.384
 108 E   0.39482 0.56576 0.03942 ( 2)  0.713 +-  0.416
 109 I   0.73110 0.25731 0.01159 ( 1)  0.427 +-  0.369
 110 K   0.06996 0.81233 0.11771 ( 2)  1.019 +-  0.320
 111 D   0.98446 0.01525 0.00029 ( 1)  0.214 +-  0.112
 112 I   0.99172 0.00808 0.00020 ( 1)  0.208 +-  0.089
 113 S   0.01449 0.83151 0.15400 ( 2)  1.082 +-  0.277
 114 Y   0.96181 0.03703 0.00116 ( 1)  0.233 +-  0.165
 115 I   0.24490 0.69089 0.06421 ( 2)  0.847 +-  0.387
 116 F   0.81110 0.18166 0.00725 ( 1)  0.359 +-  0.326
 117 T   0.98697 0.01269 0.00034 ( 1)  0.212 +-  0.105
 118 V   0.93939 0.05836 0.00225 ( 1)  0.251 +-  0.203
 119 D   0.95186 0.04679 0.00135 ( 1)  0.241 +-  0.182
 120 P   0.98317 0.01644 0.00039 ( 1)  0.215 +-  0.116
 121 E   0.82146 0.17195 0.00659 ( 1)  0.350 +-  0.318
 122 A   0.91625 0.08150 0.00224 ( 1)  0.271 +-  0.231
 123 P   0.98297 0.01663 0.00040 ( 1)  0.215 +-  0.116
 124 T   0.31334 0.63604 0.05061 ( 2)  0.786 +-  0.405
 125 L   0.77931 0.20933 0.01136 ( 1)  0.387 +-  0.349
 126 E   0.75126 0.24180 0.00695 ( 1)  0.408 +-  0.354
 127 V   0.98717 0.01251 0.00032 ( 1)  0.212 +-  0.104
 128 K   0.64796 0.33709 0.01496 ( 1)  0.497 +-  0.396
 129 F   0.03669 0.83293 0.13038 ( 2)  1.049 +-  0.278
 130 V   0.85457 0.14076 0.00467 ( 1)  0.322 +-  0.292
 131 D   0.86599 0.12998 0.00402 ( 1)  0.313 +-  0.283
 132 K   0.17913 0.76281 0.05805 ( 2)  0.893 +-  0.335
 133 S   0.01774 0.83755 0.14472 ( 2)  1.073 +-  0.271
 134 M   0.10334 0.80562 0.09104 ( 2)  0.973 +-  0.312
 135 Y   0.17676 0.75620 0.06704 ( 2)  0.901 +-  0.345
 136 I   0.65225 0.33287 0.01488 ( 1)  0.493 +-  0.395
 137 N   0.54059 0.43753 0.02188 ( 1)  0.588 +-  0.414
 138 A   0.00828 0.73020 0.26152 ( 2)  1.224 +-  0.557
 139 A   0.02597 0.82942 0.14461 ( 2)  1.071 +-  0.300
 140 V   0.00233 0.71416 0.28351 ( 2)  1.244 +-  0.551
 141 K   0.03657 0.80594 0.15749 ( 2)  1.075 +-  0.337
 142 T   0.01017 0.77625 0.21357 ( 2)  1.156 +-  0.440
 143 P   0.98200 0.01757 0.00043 ( 1)  0.216 +-  0.119
 144 H   0.00014 0.47000 0.52986 ( 3)  1.642 +-  0.993
 145 C   0.96266 0.03639 0.00095 ( 1)  0.232 +-  0.162
 146 I   0.13409 0.76635 0.09956 ( 2)  0.957 +-  0.353
 147 K   0.01129 0.78650 0.20221 ( 2)  1.134 +-  0.375
 148 D   0.00300 0.70832 0.28868 ( 2)  1.252 +-  0.562
 149 I   0.04051 0.76569 0.19380 ( 2)  1.117 +-  0.439
 150 Y   0.22988 0.71062 0.05949 ( 2)  0.855 +-  0.371
 151 -   0.83366 0.16062 0.00572 ( 1)  0.340 +-  0.309
 152 -   0.00065 0.50687 0.49248 ( 2)  1.585 +-  0.937
 153 -   0.55429 0.41696 0.02875 ( 1)  0.578 +-  0.423
 154 N   0.04070 0.82171 0.13759 ( 2)  1.054 +-  0.308
 155 L   0.79577 0.19627 0.00797 ( 1)  0.371 +-  0.335
 156 K   0.02141 0.76973 0.20886 ( 2)  1.143 +-  0.430
 157 Y   0.92887 0.06911 0.00202 ( 1)  0.260 +-  0.216
 158 N   0.00798 0.79618 0.19584 ( 2)  1.136 +-  0.388
 159 I   0.84446 0.14906 0.00648 ( 1)  0.331 +-  0.303
 160 E   0.07267 0.77851 0.14882 ( 2)  1.044 +-  0.376
 161 N   0.04493 0.78001 0.17506 ( 2)  1.091 +-  0.397
 162 A   0.19042 0.75438 0.05520 ( 2)  0.884 +-  0.342
 163 P   0.05160 0.78723 0.16117 ( 2)  1.076 +-  0.399
 164 K   0.10362 0.81613 0.08025 ( 2)  0.965 +-  0.296
 165 Q   0.68048 0.30459 0.01493 ( 1)  0.469 +-  0.389
 166 I   0.63048 0.35084 0.01869 ( 1)  0.512 +-  0.404
 167 K   0.80972 0.18396 0.00633 ( 1)  0.360 +-  0.325
 168 F   0.65670 0.32733 0.01597 ( 1)  0.490 +-  0.396
 169 K   0.82136 0.17326 0.00538 ( 1)  0.350 +-  0.316
 170 E   0.87677 0.11948 0.00375 ( 1)  0.303 +-  0.273
 171 V   0.67262 0.31562 0.01175 ( 1)  0.475 +-  0.386
 172 K   0.00629 0.71655 0.27716 ( 2)  1.246 +-  0.590
 173 M   0.31495 0.65122 0.03383 ( 2)  0.775 +-  0.385
 174 N   0.00770 0.74682 0.24548 ( 2)  1.190 +-  0.471
 175 S   0.24837 0.67905 0.07258 ( 2)  0.850 +-  0.397
 176 A   0.51719 0.45397 0.02884 ( 1)  0.610 +-  0.422
 177 V   0.09497 0.80055 0.10448 ( 2)  0.989 +-  0.323
 178 I   0.36110 0.59765 0.04125 ( 2)  0.742 +-  0.409
 179 L   0.00915 0.75166 0.23919 ( 2)  1.190 +-  0.491
 180 D   0.90349 0.09451 0.00200 ( 1)  0.281 +-  0.244
 181 T   0.91850 0.07830 0.00320 ( 1)  0.269 +-  0.231
 182 T   0.74439 0.24827 0.00734 ( 1)  0.414 +-  0.357
 183 G   0.97571 0.02374 0.00055 ( 1)  0.221 +-  0.135
 184 L   0.50957 0.46583 0.02460 ( 1)  0.613 +-  0.416
 185 S   0.90260 0.09472 0.00269 ( 1)  0.282 +-  0.247
 186 G   0.97492 0.02452 0.00056 ( 1)  0.222 +-  0.136
 187 N   0.88848 0.10920 0.00232 ( 1)  0.294 +-  0.260
 188 Y   0.97769 0.02170 0.00060 ( 1)  0.220 +-  0.130
 189 C   0.98971 0.01012 0.00017 ( 1)  0.210 +-  0.096
 190 V   0.31134 0.63136 0.05730 ( 2)  0.792 +-  0.412
 191 E   0.91863 0.07929 0.00208 ( 1)  0.269 +-  0.228
 192 A   0.50891 0.45825 0.03284 ( 1)  0.619 +-  0.428
 193 L   0.30289 0.65529 0.04182 ( 2)  0.788 +-  0.388
 194 T   0.97340 0.02560 0.00100 ( 1)  0.223 +-  0.142
 195 V   0.31837 0.63818 0.04345 ( 2)  0.777 +-  0.396
 196 F   0.63268 0.34323 0.02409 ( 1)  0.514 +-  0.412
 197 T   0.66196 0.32333 0.01471 ( 1)  0.485 +-  0.393
 198 M   0.63346 0.35148 0.01506 ( 1)  0.509 +-  0.399
 199 E   0.01433 0.80113 0.18454 ( 2)  1.117 +-  0.362
 200 Q   0.23404 0.72217 0.04380 ( 2)  0.843 +-  0.357
 201 K   0.01048 0.82446 0.16507 ( 2)  1.097 +-  0.302
 202 K   0.99282 0.00704 0.00015 ( 1)  0.207 +-  0.085
 203 I   0.00035 0.59406 0.40559 ( 2)  1.426 +-  0.784
 204 S   0.98472 0.01499 0.00029 ( 1)  0.214 +-  0.111
 205 Q   0.06445 0.81206 0.12349 ( 2)  1.026 +-  0.314
 206 P   0.29441 0.66431 0.04128 ( 2)  0.794 +-  0.383
 207 S   0.96235 0.03648 0.00116 ( 1)  0.232 +-  0.164
 208 K   0.00025 0.58380 0.41594 ( 2)  1.437 +-  0.781
 209 P   0.98557 0.01411 0.00031 ( 1)  0.213 +-  0.109
 210 F   0.50679 0.46665 0.02657 ( 1)  0.617 +-  0.419
 211 C   0.96029 0.03867 0.00103 ( 1)  0.234 +-  0.167
 212 H   0.52534 0.44728 0.02737 ( 1)  0.602 +-  0.420
 213 L   0.48910 0.49080 0.02009 ( 2)  0.629 +-  0.409
 214 F   0.40495 0.54914 0.04590 ( 2)  0.713 +-  0.439
 215 -   0.27598 0.65740 0.06661 ( 2)  0.824 +-  0.406
 216 -   0.30295 0.64321 0.05384 ( 2)  0.794 +-  0.400
 217 K   0.95614 0.04276 0.00111 ( 1)  0.237 +-  0.174
 218 D   0.99551 0.00441 0.00008 ( 1)  0.205 +-  0.074
 219 E   0.31978 0.63459 0.04563 ( 2)  0.777 +-  0.398
 220 E   0.00087 0.61577 0.38336 ( 2)  1.405 +-  0.766
 221 Y   0.08604 0.78911 0.12484 ( 2)  1.016 +-  0.359
 222 N   0.63967 0.34619 0.01414 ( 1)  0.503 +-  0.396
 223 S   0.05047 0.79360 0.15593 ( 2)  1.069 +-  0.370
 224 G   0.08950 0.81214 0.09836 ( 2)  0.988 +-  0.306
 225 H   0.05417 0.80181 0.14403 ( 2)  1.049 +-  0.330
 226 N   0.02161 0.83163 0.14676 ( 2)  1.072 +-  0.280
 227 W   0.00143 0.68838 0.31019 ( 2)  1.285 +-  0.619
 228 S   0.01688 0.74824 0.23488 ( 2)  1.177 +-  0.475
 229 F   0.05362 0.79992 0.14645 ( 2)  1.058 +-  0.362
 230 A   0.04420 0.79327 0.16253 ( 2)  1.079 +-  0.373
 231 V   0.16065 0.74967 0.08968 ( 2)  0.934 +-  0.379
 232 L   0.00836 0.75321 0.23843 ( 2)  1.194 +-  0.516
 233 I   0.22836 0.67156 0.10008 ( 2)  0.893 +-  0.454
 234 L   0.04137 0.81894 0.13969 ( 2)  1.057 +-  0.321
 235 F   0.01963 0.80053 0.17984 ( 2)  1.116 +-  0.397
 236 P   0.01370 0.79915 0.18715 ( 2)  1.120 +-  0.367
 237 I   0.31096 0.62689 0.06215 ( 2)  0.796 +-  0.423
 238 L   0.37046 0.58857 0.04097 ( 2)  0.735 +-  0.414
 239 L   0.00482 0.66768 0.32750 ( 2)  1.370 +-  0.839
 240 I   0.02455 0.75234 0.22310 ( 2)  1.185 +-  0.569
 241 S   0.09442 0.80847 0.09711 ( 2)  0.987 +-  0.330
 242 G   0.02056 0.75576 0.22369 ( 2)  1.178 +-  0.538
 243 I   0.04132 0.76475 0.19393 ( 2)  1.137 +-  0.540
 244 L   0.31367 0.60523 0.08110 ( 2)  0.809 +-  0.459
 245 L   0.65379 0.32165 0.02457 ( 1)  0.496 +-  0.413
 246 Y   0.29539 0.63939 0.06523 ( 2)  0.808 +-  0.413
 247 T   0.00610 0.73927 0.25464 ( 2)  1.214 +-  0.539
 248 S   0.00913 0.76446 0.22641 ( 2)  1.174 +-  0.476
 249 -   0.59721 0.37258 0.03022 ( 1)  0.546 +-  0.429
 250 -   0.61906 0.35423 0.02671 ( 1)  0.526 +-  0.422
 251 -   0.58382 0.38275 0.03343 ( 1)  0.559 +-  0.439
 252 -   0.92653 0.07030 0.00317 ( 1)  0.262 +-  0.222
 253 -   0.46003 0.49020 0.04977 ( 2)  0.668 +-  0.447
 254 -   0.85688 0.13574 0.00739 ( 1)  0.321 +-  0.297
 255 -   0.05510 0.77227 0.17263 ( 2)  1.090 +-  0.454
 256 -   0.89936 0.09631 0.00432 ( 1)  0.285 +-  0.254
 257 -   0.25032 0.66866 0.08102 ( 2)  0.856 +-  0.420
 258 S   0.16281 0.74566 0.09152 ( 2)  0.932 +-  0.383
 259 P   0.59458 0.37582 0.02961 ( 1)  0.547 +-  0.425
 260 D   0.98858 0.01108 0.00034 ( 1)  0.211 +-  0.100
 261 I   0.24753 0.68596 0.06652 ( 2)  0.848 +-  0.396
 262 L   0.65333 0.32586 0.02080 ( 1)  0.494 +-  0.404
 263 A   0.04356 0.80750 0.14894 ( 2)  1.068 +-  0.360
 264 K   0.02013 0.77120 0.20867 ( 2)  1.147 +-  0.444
 265 Q   0.67068 0.31399 0.01532 ( 1)  0.478 +-  0.393
 266 R   0.08513 0.81194 0.10293 ( 2)  0.996 +-  0.313
 267 G   0.07972 0.75050 0.16979 ( 2)  1.082 +-  0.512
 268 Q   0.27452 0.65752 0.06796 ( 2)  0.826 +-  0.408
 269 L   0.44272 0.51999 0.03729 ( 2)  0.674 +-  0.425
 270 L   0.28373 0.66055 0.05571 ( 2)  0.813 +-  0.402
 271 W   0.00199 0.62238 0.37562 ( 2)  1.395 +-  0.771
 272 I   0.17173 0.75262 0.07565 ( 2)  0.910 +-  0.349
 273 F   0.12323 0.70880 0.16797 ( 2)  1.042 +-  0.518
 274 P   0.96446 0.03428 0.00126 ( 1)  0.231 +-  0.160
 275 D   0.02237 0.78241 0.19522 ( 2)  1.132 +-  0.433
 276 -   0.33787 0.56985 0.09228 ( 2)  0.804 +-  0.511
 277 -   0.46171 0.48979 0.04850 ( 2)  0.665 +-  0.445
 278 -   0.06991 0.71898 0.21111 ( 2)  1.132 +-  0.563
 279 -   0.91063 0.08531 0.00406 ( 1)  0.276 +-  0.242
 280 -   0.03536 0.75204 0.21260 ( 2)  1.147 +-  0.496
 281 -   0.25967 0.66789 0.07244 ( 2)  0.841 +-  0.407
 282 -   0.23133 0.68612 0.08255 ( 2)  0.871 +-  0.407
 283 -   0.54770 0.41842 0.03388 ( 1)  0.587 +-  0.433
 284 -   0.90636 0.08968 0.00396 ( 1)  0.279 +-  0.246
 285 -   0.03120 0.73131 0.23749 ( 2)  1.192 +-  0.585
 286 -   0.68869 0.29180 0.01951 ( 1)  0.465 +-  0.397
 287 -   0.00781 0.68004 0.31216 ( 2)  1.310 +-  0.703
 288 -   0.01036 0.73736 0.25228 ( 2)  1.202 +-  0.511
 289 -   0.58527 0.37787 0.03686 ( 1)  0.561 +-  0.449
 290 -   0.03639 0.74046 0.22315 ( 2)  1.170 +-  0.564
 291 -   0.62656 0.34847 0.02497 ( 1)  0.518 +-  0.416
 292 -   0.84935 0.14255 0.00810 ( 1)  0.327 +-  0.304
 293 -   0.17506 0.71634 0.10860 ( 2)  0.934 +-  0.409
 294 -   0.48700 0.46537 0.04763 ( 1)  0.647 +-  0.458
 295 -   0.48336 0.46989 0.04676 ( 1)  0.648 +-  0.450
 296 -   0.86465 0.12795 0.00740 ( 1)  0.315 +-  0.291
 297 -   0.92653 0.07030 0.00317 ( 1)  0.262 +-  0.222
 298 -   0.25989 0.66511 0.07500 ( 2)  0.844 +-  0.415
 299 -   0.41671 0.52140 0.06189 ( 2)  0.712 +-  0.461
 300 -   0.21846 0.68035 0.10119 ( 2)  0.900 +-  0.447
 301 -   0.61153 0.36401 0.02446 ( 1)  0.530 +-  0.415
 302 -   0.71536 0.26801 0.01662 ( 1)  0.442 +-  0.384
 303 -   0.06550 0.77819 0.15632 ( 2)  1.061 +-  0.404
 304 -   0.04646 0.76838 0.18516 ( 2)  1.103 +-  0.432
 305 -   0.33229 0.60683 0.06088 ( 2)  0.779 +-  0.433
 306 -   0.94397 0.05388 0.00215 ( 1)  0.248 +-  0.196
 307 -   0.86585 0.12734 0.00681 ( 1)  0.313 +-  0.289
 308 -   0.48458 0.47130 0.04412 ( 1)  0.644 +-  0.442
 309 -   0.31186 0.62295 0.06520 ( 2)  0.797 +-  0.429
 310 -   0.91025 0.08505 0.00470 ( 1)  0.276 +-  0.245
 311 -   0.81507 0.17361 0.01133 ( 1)  0.357 +-  0.332
 312 -   0.84471 0.14658 0.00871 ( 1)  0.331 +-  0.308
 313 -   0.50043 0.45256 0.04701 ( 1)  0.635 +-  0.455
 314 -   0.06289 0.77927 0.15784 ( 2)  1.064 +-  0.404
 315 -   0.80806 0.18043 0.01152 ( 1)  0.362 +-  0.335
 316 -   0.85901 0.13386 0.00713 ( 1)  0.319 +-  0.294
 317 -   0.81696 0.17205 0.01099 ( 1)  0.355 +-  0.330
 318 -   0.81507 0.17361 0.01133 ( 1)  0.357 +-  0.332
 319 -   0.94091 0.05720 0.00189 ( 1)  0.250 +-  0.199
 320 -   0.83813 0.15302 0.00884 ( 1)  0.337 +-  0.312
 321 -   0.73690 0.24316 0.01994 ( 1)  0.425 +-  0.382
 322 -   0.82134 0.16809 0.01057 ( 1)  0.351 +-  0.326
 323 -   0.91763 0.07849 0.00388 ( 1)  0.270 +-  0.235
 324 -   0.94091 0.05720 0.00189 ( 1)  0.250 +-  0.199
 325 -   0.53907 0.42710 0.03383 ( 1)  0.594 +-  0.431
 326 -   0.22106 0.67577 0.10317 ( 2)  0.903 +-  0.470
 327 -   0.81767 0.17079 0.01154 ( 1)  0.355 +-  0.331
 328 -   0.16169 0.71819 0.12011 ( 2)  0.959 +-  0.441
 329 -   0.15320 0.71800 0.12880 ( 2)  0.975 +-  0.454
 330 -   0.14293 0.72698 0.13010 ( 2)  0.980 +-  0.429
 331 -   0.92333 0.07374 0.00293 ( 1)  0.265 +-  0.225
 332 -   0.90448 0.09110 0.00442 ( 1)  0.281 +-  0.250
 333 -   0.09257 0.74352 0.16391 ( 2)  1.049 +-  0.445
 334 -   0.15736 0.72863 0.11401 ( 2)  0.952 +-  0.401
 335 -   0.24501 0.67606 0.07893 ( 2)  0.858 +-  0.410
 336 -   0.89082 0.10404 0.00515 ( 1)  0.292 +-  0.264
 337 -   0.81557 0.17365 0.01078 ( 1)  0.356 +-  0.330
 338 -   0.23053 0.68639 0.08308 ( 2)  0.871 +-  0.405
 339 -   0.84636 0.14490 0.00874 ( 1)  0.330 +-  0.307
 340 -   0.43103 0.51656 0.05241 ( 2)  0.691 +-  0.442
 341 -   0.87629 0.11775 0.00596 ( 1)  0.304 +-  0.278
 342 -   0.94531 0.05238 0.00231 ( 1)  0.247 +-  0.195
 343 -   0.90422 0.09114 0.00464 ( 1)  0.281 +-  0.251
 344 -   0.83168 0.15829 0.01003 ( 1)  0.343 +-  0.319
 345 -   0.86115 0.13198 0.00687 ( 1)  0.317 +-  0.292
 346 -   0.83168 0.15829 0.01003 ( 1)  0.343 +-  0.319
 347 -   0.89114 0.10389 0.00496 ( 1)  0.292 +-  0.263
 348 -   0.03620 0.74820 0.21560 ( 2)  1.144 +-  0.479
 349 -   0.18341 0.70554 0.11105 ( 2)  0.936 +-  0.451
 350 -   0.24324 0.64822 0.10855 ( 2)  0.900 +-  0.528
 351 -   0.45071 0.50135 0.04794 ( 2)  0.673 +-  0.440
 352 -   0.20761 0.69047 0.10192 ( 2)  0.905 +-  0.426
 353 -   0.17551 0.69292 0.13156 ( 2)  0.962 +-  0.479
 354 -   0.18275 0.70478 0.11247 ( 2)  0.932 +-  0.421
 355 -   0.33582 0.57185 0.09232 ( 2)  0.803 +-  0.499
 356 -   0.48510 0.46995 0.04496 ( 1)  0.644 +-  0.444
 357 -   0.13438 0.72146 0.14417 ( 2)  1.006 +-  0.479
 358 -   0.51183 0.44998 0.03820 ( 1)  0.618 +-  0.435
 359 -   0.94397 0.05388 0.00215 ( 1)  0.248 +-  0.196
 360 -   0.59978 0.37458 0.02564 ( 1)  0.540 +-  0.418
 361 -   0.48824 0.46908 0.04268 ( 1)  0.640 +-  0.439
 362 -   0.25220 0.66919 0.07860 ( 2)  0.852 +-  0.415
 363 -   0.65057 0.32703 0.02240 ( 1)  0.498 +-  0.408
 364 -   0.84611 0.14503 0.00886 ( 1)  0.330 +-  0.308
 365 -   0.83779 0.15291 0.00930 ( 1)  0.337 +-  0.314
 366 -   0.92863 0.06808 0.00330 ( 1)  0.261 +-  0.220
 367 -   0.27465 0.61569 0.10967 ( 2)  0.866 +-  0.499
 368 -   0.21809 0.69096 0.09096 ( 2)  0.889 +-  0.421
 369 -   0.53563 0.42636 0.03802 ( 1)  0.600 +-  0.441
 370 -   0.68769 0.29230 0.02001 ( 1)  0.466 +-  0.398
 371 -   0.40296 0.53675 0.06029 ( 2)  0.720 +-  0.451
 372 -   0.07315 0.75601 0.17084 ( 2)  1.073 +-  0.449
 373 -   0.03084 0.74489 0.22427 ( 2)  1.165 +-  0.518
 374 -   0.90474 0.09084 0.00442 ( 1)  0.281 +-  0.249
 375 -   0.40776 0.53196 0.06028 ( 2)  0.716 +-  0.452
 376 -   0.53509 0.42940 0.03550 ( 1)  0.598 +-  0.434
 377 -   0.42681 0.51609 0.05711 ( 2)  0.699 +-  0.450
 378 -   0.22252 0.68531 0.09217 ( 2)  0.885 +-  0.417
 379 -   0.88618 0.10797 0.00585 ( 1)  0.296 +-  0.270
 380 -   0.79933 0.18615 0.01452 ( 1)  0.372 +-  0.349
 381 -   0.89219 0.10320 0.00461 ( 1)  0.291 +-  0.261
 382 S   0.93805 0.05930 0.00265 ( 1)  0.253 +-  0.206
 383 A   0.89378 0.10228 0.00394 ( 1)  0.290 +-  0.259
 384 G   0.82188 0.17120 0.00693 ( 1)  0.350 +-  0.319
 385 N   0.77688 0.21566 0.00746 ( 1)  0.388 +-  0.344
 386 C   0.86913 0.12607 0.00480 ( 1)  0.310 +-  0.282
 387 V   0.07303 0.81877 0.10820 ( 2)  1.009 +-  0.306
 388 P   0.11164 0.76115 0.12721 ( 2)  1.001 +-  0.401
 389 Q   0.67960 0.30392 0.01648 ( 1)  0.470 +-  0.391
 390 S   0.07931 0.76756 0.15314 ( 2)  1.046 +-  0.399
 391 F   0.97142 0.02734 0.00123 ( 1)  0.225 +-  0.147

Positively selected sites

	Prob(w>1)  mean w

   144 H      0.530         1.642 +- 0.993

