

TREE # 1

  0  0.0000   5882.815854  x:  1.70198   0.63272   0.05829   0.40237   0.00000   0.59255   0.30387   0.22080   0.07434   0.15361   0.17191   3.00000   0.88523   0.44696   0.12190   1.16963  
  1 99.0000   5866.826895  x:  1.73345   0.65982   0.11254   0.42791   0.14189   0.65479   0.34247   0.23089   0.04431   0.18475   0.14867   2.97578   0.87878   0.45137   0.16982   1.16671  
  2 249.5951   5858.241825  x:  1.80826   0.68169   0.15955   0.44986   0.12920   0.75683   0.37526   0.28455   0.08742   0.21851   0.19951   2.92283   0.87349   0.45528   0.21429   1.16328  
  3 124.5437   5846.435864  x:  1.96588   0.71341   0.21956   0.48876   0.04352   0.92395   0.40807   0.29293   0.02116   0.23708   0.17331   2.81173   0.86777   0.45968   0.24181   1.16070  
  4 163.0799   5841.521389  x:  2.07591   0.71968   0.22850   0.51712   0.04323   0.98744   0.41115   0.27968   0.04479   0.22432   0.15426   2.72869   0.87095   0.45785   0.17988   1.16470  
  5 112.8484   5834.551979  x:  2.31257   0.69564   0.17606   0.54961   0.06597   1.01269   0.35834   0.22854   0.07448   0.16885   0.16136   2.54517   0.86004   0.46547   0.21398   1.16770  
  6 103.4363   5827.879383  x:  2.57800   0.66803   0.10092   0.55829   0.09453   0.97156   0.30069   0.25937   0.04220   0.22710   0.18662   2.32900   0.85232   0.47130   0.20188   1.17260  
  7 148.0076   5824.596534  x:  2.72671   0.69600   0.10403   0.52425   0.09228   0.88581   0.34402   0.30284   0.04907   0.21657   0.15464   2.20072   0.84796   0.47555   0.21151   1.16909  
  8 73.9842   5823.508237  x:  2.77971   0.71821   0.11937   0.50266   0.09226   0.84882   0.37305   0.28301   0.03995   0.21724   0.18097   2.15449   0.84794   0.47660   0.20546   1.16494  
  9 60.4559   5823.460831  x:  2.78284   0.72045   0.12019   0.49709   0.09139   0.84811   0.37211   0.27747   0.04406   0.22399   0.17763   2.15305   0.84853   0.47686   0.20687   1.16104  
 10  7.8228   5823.403896  x:  2.78909   0.72628   0.11974   0.47956   0.09383   0.85307   0.36476   0.27911   0.04352   0.22141   0.17798   2.15404   0.85228   0.47770   0.20469   1.14081  
 11  4.0568   5823.270190  x:  2.80663   0.72909   0.10007   0.47312   0.09508   0.85887   0.37748   0.27828   0.04285   0.22149   0.17814   2.16033   0.86326   0.48275   0.20108   1.06135  
 12  5.4194   5823.113017  x:  2.81899   0.73746   0.09910   0.48065   0.09391   0.85596   0.37396   0.27863   0.04300   0.22178   0.17820   2.16399   0.86806   0.48867   0.19808   1.00000  
 13 19.5938   5823.113017  x:  2.81899   0.73746   0.09910   0.48065   0.09391   0.85596   0.37396   0.27863   0.04300   0.22178   0.17820   2.16399   0.86806   0.48867   0.19808   1.00000  
 14  9.3229   5822.341251  x:  2.82250   0.73715   0.10040   0.48281   0.05962   0.86172   0.36978   0.27708   0.04632   0.21655   0.17637   2.16146   0.86805   0.48868   0.17938   1.00005  
 15 36.3691   5822.327694  x:  2.82261   0.73717   0.10048   0.48292   0.05908   0.86188   0.36974   0.27698   0.04626   0.21645   0.17625   2.16138   0.86797   0.48873   0.17968   1.00000  
 16 27.9882   5822.228347  x:  2.83123   0.74025   0.10844   0.49475   0.05547   0.87374   0.37485   0.27761   0.05329   0.21713   0.17904   2.15459   0.86414   0.49110   0.18177   1.00000  
 17 10.1015   5822.148819  x:  2.84100   0.74257   0.11504   0.50619   0.05502   0.88524   0.37893   0.27620   0.04862   0.21831   0.17666   2.14719   0.86014   0.49358   0.17947   1.00000  
 18 21.1048   5822.087319  x:  2.85933   0.73725   0.11142   0.51174   0.05479   0.89354   0.37432   0.28336   0.04412   0.22026   0.18105   2.13602   0.85251   0.49831   0.17923   1.00000  
 19  7.1096   5822.006296  x:  2.89400   0.73019   0.10607   0.51178   0.05840   0.89913   0.36846   0.28085   0.04932   0.21893   0.17416   2.11775   0.83877   0.50687   0.17700   1.00000  
 20 10.5799   5821.930166  x:  2.93351   0.73046   0.10875   0.50485   0.05922   0.89611   0.36827   0.27304   0.04835   0.21873   0.18057   2.10094   0.82385   0.51618   0.17461   1.00000  
 21 13.4022   5821.868773  x:  2.96921   0.73494   0.11442   0.49802   0.05822   0.88837   0.37328   0.28013   0.04749   0.21888   0.17804   2.09021   0.81131   0.52404   0.17284   1.00000  
 22 15.0157   5821.838790  x:  2.99347   0.73583   0.10816   0.50423   0.05619   0.88185   0.37992   0.27937   0.04750   0.22241   0.17784   2.09929   0.80647   0.52719   0.17230   1.00000  
 23  3.5215   5821.810513  x:  3.01839   0.74046   0.10528   0.50968   0.05707   0.87932   0.37910   0.27980   0.04713   0.21614   0.17885   2.11367   0.80299   0.52953   0.17156   1.00000  
 24  7.3625   5821.777108  x:  3.04994   0.74853   0.10496   0.51009   0.05760   0.88272   0.37252   0.27978   0.04777   0.22063   0.17811   2.13545   0.80015   0.53158   0.17113   1.00000  
 25  8.7740   5821.760749  x:  3.06574   0.74927   0.10280   0.50437   0.05778   0.89057   0.37642   0.28028   0.04737   0.21995   0.17832   2.14727   0.80026   0.53172   0.17111   1.00000  
 26  4.6577   5821.746921  x:  3.07779   0.73628   0.11235   0.50460   0.05742   0.88956   0.37621   0.28019   0.04703   0.21974   0.17804   2.14997   0.81456   0.52368   0.17296   1.00000  
 27  0.5307   5821.714350  x:  3.09071   0.74976   0.10271   0.50525   0.05487   0.89076   0.37602   0.27967   0.04654   0.21929   0.17753   2.13671   0.84469   0.50789   0.17843   1.00000  
 28  0.5673   5821.631938  x:  3.06924   0.74463   0.10793   0.50709   0.04808   0.89297   0.37540   0.27815   0.04573   0.21783   0.17570   2.13917   0.81378   0.53566   0.17976   1.00000  
 29  0.3018   5821.631152  x:  3.06969   0.74465   0.10789   0.50713   0.04708   0.89323   0.37520   0.27806   0.04585   0.21761   0.17563   2.13896   0.81408   0.53534   0.17929   1.00000  
 30  0.0063   5821.631121  x:  3.06959   0.74456   0.10772   0.50711   0.04716   0.89342   0.37503   0.27797   0.04594   0.21749   0.17563   2.13856   0.81424   0.53525   0.17931   1.00000  
 31  0.0006   5821.631121  x:  3.06960   0.74456   0.10772   0.50711   0.04716   0.89342   0.37504   0.27797   0.04594   0.21749   0.17563   2.13855   0.81424   0.53524   0.17931   1.00000  
 32  0.0000   5821.631121  x:  3.06960   0.74456   0.10772   0.50711   0.04716   0.89342   0.37504   0.27797   0.04594   0.21749   0.17563   2.13855   0.81424   0.53524   0.17931   1.00000  