

TREE # 1

  0  0.0000   5942.297136  x:  1.39647   0.53638   0.05184   0.33924   0.00000   0.49278   0.26109   0.19263   0.05987   0.13973   0.14793   3.00000   1.33026   0.18738   0.28941   3.78061  
  1 99.0000   5904.343752  x:  1.44521   0.59430   0.15178   0.39558   0.20702   0.60112   0.33831   0.24368   0.07758   0.19032   0.16736   2.97154   1.32346   0.19800   0.25025   3.77991  
  2 421.0558   5884.391415  x:  1.57943   0.64204   0.20734   0.43755   0.15084   0.77045   0.39706   0.25197   0.01298   0.20615   0.15135   2.90005   1.28977   0.23996   0.33692   3.77943  
  3 154.4218   5870.707808  x:  1.73286   0.67912   0.24122   0.47697   0.05407   0.92555   0.44242   0.28990   0.07963   0.22145   0.19401   2.81505   1.25617   0.28388   0.35401   3.77915  
  4 340.5394   5859.876678  x:  1.86051   0.69423   0.24183   0.50836   0.00000   0.99823   0.45195   0.28504   0.06478   0.22267   0.17937   2.73767   1.23253   0.31796   0.25653   3.77946  
  5 180.0107   5841.870158  x:  2.33107   0.67442   0.09458   0.58765   0.08311   0.97851   0.35979   0.22632   0.09646   0.15122   0.15552   2.42174   1.10320   0.49791   0.24348   3.78173  
  6 98.6134   5834.645786  x:  2.55100   0.68230   0.04675   0.58649   0.10095   0.91055   0.30743   0.25938   0.06592   0.23995   0.18495   2.26260   1.03518   0.59610   0.23973   3.78248  
  7 181.0851   5830.732360  x:  2.67150   0.73423   0.09647   0.53375   0.09602   0.81886   0.31999   0.30111   0.05808   0.21577   0.17644   2.16323   0.98908   0.67041   0.23389   3.78165  
  8 79.2465   5829.823733  x:  2.69505   0.73962   0.10236   0.49893   0.09704   0.79883   0.35663   0.26896   0.06039   0.22322   0.18855   2.13759   0.97418   0.70318   0.22978   3.78014  
  9 35.6524   5829.543919  x:  2.69460   0.72761   0.09120   0.47808   0.09969   0.80211   0.37516   0.27894   0.06233   0.22495   0.17736   2.13000   0.96669   0.73263   0.22679   3.77809  
 10 15.4959   5829.243492  x:  2.68029   0.71520   0.09292   0.46418   0.10229   0.81384   0.37050   0.28437   0.05324   0.21395   0.19315   2.12426   0.95691   0.79956   0.21887   3.77318  
 11 12.5090   5828.535330  x:  2.63855   0.69891   0.11887   0.45789   0.09974   0.83219   0.34442   0.27304   0.06381   0.22102   0.18015   2.11363   0.93756   0.98259   0.20563   3.75916  
 12 35.0808   5828.112532  x:  2.61471   0.69319   0.11919   0.50082   0.08950   0.81931   0.36688   0.27650   0.06157   0.21994   0.18243   2.11162   0.94729   1.10695   0.19916   3.74722  
 13 20.6552   5826.530171  x:  2.65072   0.82971   0.03821   0.49462   0.08501   0.83381   0.37545   0.27728   0.05988   0.21847   0.18117   2.16309   1.34602   1.58126   0.18715   3.67359  
 14  8.4206   5823.017469  x:  2.86861   0.69041   0.13513   0.47977   0.06255   0.82705   0.40579   0.27644   0.05081   0.22036   0.17940   2.24128   2.56456   2.71057   0.18494   3.48707  
 15 33.2607   5822.582733  x:  2.81675   0.69020   0.13594   0.48471   0.05674   0.84005   0.40560   0.27539   0.05027   0.21919   0.17828   2.10425   2.72866   2.80220   0.18997   3.47971  
 16  6.1887   5821.648951  x:  2.95580   0.74162   0.12016   0.50909   0.03703   0.89228   0.37934   0.27872   0.04492   0.21739   0.17509   2.14579   2.88489   3.03186   0.17871   3.84031  
 17  0.4525   5821.362919  x:  3.06660   0.75157   0.09653   0.50656   0.04664   0.89839   0.37961   0.27691   0.04585   0.21508   0.17508   2.13509   3.13865   3.28264   0.18759   4.40935  
 18  0.4329   5821.170764  x:  3.15103   0.75553   0.09105   0.51105   0.05074   0.89747   0.39003   0.27652   0.04572   0.21799   0.17491   2.15002   3.34904   3.48997   0.17757   5.34555  
 19  0.4880   5820.789755  x:  3.18559   0.74295   0.12636   0.51526   0.04321   0.90202   0.39798   0.28437   0.04945   0.22091   0.18056   2.15557   3.57551   3.72946   0.18241   8.11679  
 20  0.6847   5820.129915  x:  3.04507   0.71914   0.14394   0.50609   0.05864   0.90070   0.38681   0.28054   0.04884   0.22176   0.17768   2.15246   3.08395   3.23755   0.17993  12.20088  
 21  1.2051   5819.316965  x:  3.00633   0.74193   0.10043   0.50875   0.05099   0.90253   0.47642   0.27075   0.04434   0.21580   0.17256   2.15821   2.79263   2.95226   0.18415  21.51917  
 22  2.7905   5819.169240  x:  3.05650   0.74453   0.09882   0.50899   0.04834   0.90018   0.49543   0.27252   0.04500   0.21542   0.17406   2.16028   3.00025   3.15766   0.18335  23.15613  
 23  3.0176   5818.986352  x:  3.08201   0.73996   0.11244   0.50599   0.04449   0.88793   0.53530   0.27883   0.04826   0.21590   0.17904   2.17283   2.94172   3.07292   0.18275  28.82722  
 24  4.2296   5818.794544  x:  3.10758   0.73595   0.10538   0.50185   0.05061   0.88949   0.64285   0.27247   0.04945   0.21884   0.17479   2.15777   2.89196   3.10016   0.17621  43.60444  
 25  3.8139   5818.692744  x:  3.09428   0.73899   0.10956   0.50845   0.04792   0.89662   0.72592   0.27625   0.04634   0.21576   0.17813   2.17540   2.92904   3.07280   0.18242  54.65922  
 26  5.0616   5818.660728  x:  3.07840   0.73793   0.11358   0.50695   0.04905   0.89413   0.79970   0.27620   0.04742   0.21659   0.17656   2.17182   2.95007   3.12255   0.18021  64.47500  
 27  5.5282   5818.648332  x:  3.06768   0.73788   0.11305   0.50603   0.04957   0.89235   0.84314   0.27570   0.04776   0.21688   0.17613   2.17105   2.90576   3.08447   0.17972  70.07349  
 28  7.7840   5818.639726  x:  3.07108   0.73814   0.10927   0.50628   0.05004   0.89282   0.91864   0.27514   0.04714   0.21657   0.17729   2.17255   2.92275   3.08824   0.18056  79.94251  
 29  4.9592   5818.637991  x:  3.07185   0.73852   0.11056   0.50620   0.04903   0.89241   0.95132   0.27555   0.04759   0.21664   0.17671   2.17210   2.92037   3.09188   0.18019  84.17527  
 30  2.6654   5818.637749  x:  3.07407   0.73817   0.11062   0.50612   0.04948   0.89240   0.96832   0.27540   0.04744   0.21658   0.17688   2.17215   2.92027   3.09134   0.18013  86.42490  
 31  1.2730   5818.637730  x:  3.07427   0.73816   0.11077   0.50625   0.04939   0.89261   0.97106   0.27547   0.04747   0.21661   0.17682   2.17220   2.92016   3.09112   0.18018  86.76348  
 32  0.2198   5818.637686  x:  3.07474   0.73822   0.11084   0.50627   0.04946   0.89272   0.97222   0.27551   0.04743   0.21662   0.17692   2.17217   2.91787   3.08934   0.18014  86.76442  
 33  0.0004   5818.637607  x:  3.07546   0.73830   0.11084   0.50627   0.04955   0.89283   0.97174   0.27554   0.04744   0.21667   0.17694   2.17230   2.91097   3.08229   0.18014  86.14016  
 34  0.2786   5818.637572  x:  3.07480   0.73815   0.11080   0.50623   0.04940   0.89259   0.97207   0.27547   0.04746   0.21661   0.17685   2.17238   2.91008   3.08075   0.18019  86.03757  
 35  0.0565   5818.637572  x:  3.07470   0.73813   0.11082   0.50622   0.04941   0.89257   0.97319   0.27547   0.04745   0.21661   0.17685   2.17239   2.91006   3.08075   0.18019  86.18119  
 36  0.1044   5818.637572  x:  3.07466   0.73814   0.11081   0.50622   0.04941   0.89257   0.97319   0.27547   0.04745   0.21661   0.17685   2.17239   2.91004   3.08074   0.18019  86.17769  
 37  0.0028   5818.637572  x:  3.07466   0.73814   0.11081   0.50622   0.04941   0.89257   0.97319   0.27547   0.04745   0.21661   0.17685   2.17239   2.91004   3.08073   0.18019  86.17819  
 38  0.0005   5818.637572  x:  3.07466   0.73814   0.11081   0.50622   0.04941   0.89257   0.97319   0.27547   0.04745   0.21661   0.17685   2.17239   2.91004   3.08073   0.18019  86.17806  
 39  0.0003   5818.637572  x:  3.07466   0.73814   0.11081   0.50622   0.04941   0.89257   0.97319   0.27547   0.04745   0.21661   0.17685   2.17239   2.91004   3.08073   0.18019  86.17803  
 40  0.0035   5818.637572  x:  3.07466   0.73814   0.11081   0.50622   0.04941   0.89257   0.97319   0.27547   0.04745   0.21661   0.17685   2.17239   2.91004   3.08073   0.18019  86.17803  