

TREE # 1

  0  0.0000   5898.404444  x:  1.70852   0.64751   0.05331   0.41785   0.00000   0.59875   0.30607   0.21272   0.07852   0.15020   0.17512   3.00000   0.94534   0.50000   1.38000  
  1 99.0000   5869.478436  x:  1.75319   0.69074   0.14513   0.45983   0.18062   0.69641   0.37299   0.25963   0.05479   0.21834   0.16220   2.96379   0.95044   0.36731   1.39752  
  2 272.0866   5861.023282  x:  1.81981   0.69598   0.16095   0.46640   0.12193   0.77290   0.38182   0.27252   0.04635   0.21491   0.17860   2.91657   0.94517   0.27572   1.40902  
  3 110.8804   5851.627345  x:  1.98283   0.71767   0.21075   0.49021   0.05394   0.93272   0.40514   0.28097   0.00000   0.21700   0.15456   2.80228   0.91730   0.30631   1.40790  
  4 131.8804   5845.733965  x:  2.11717   0.73262   0.24536   0.51110   0.01289   1.04987   0.42304   0.30002   0.04352   0.22338   0.15965   2.70664   0.89295   0.34028   1.40591  
  5 416.6271   5837.305378  x:  2.41823   0.69887   0.16843   0.55905   0.06839   1.06273   0.36557   0.22822   0.04241   0.22025   0.21581   2.46981   0.81211   0.34179   1.42213  
  6 68.4686   5831.196157  x:  2.65568   0.68333   0.10505   0.57426   0.09214   1.00743   0.32379   0.28117   0.04914   0.21910   0.15516   2.27587   0.74013   0.32503   1.43218  
  7 147.0103   5827.604772  x:  2.82001   0.73864   0.13325   0.53594   0.07815   0.89380   0.37066   0.30324   0.03257   0.23986   0.18326   2.13921   0.67785   0.31877   1.41199  
  8 63.8755   5827.079964  x:  2.84575   0.75001   0.13881   0.52485   0.07752   0.87786   0.38783   0.28215   0.04186   0.23152   0.16602   2.12144   0.66328   0.30993   1.39904  
  9 34.9106   5826.590686  x:  2.87576   0.75172   0.12384   0.49382   0.09120   0.88279   0.39885   0.28942   0.03946   0.20964   0.17037   2.12640   0.61360   0.29796   1.31866  
 10 10.7869   5826.019784  x:  2.91040   0.75454   0.10914   0.46705   0.09493   0.88684   0.39402   0.28557   0.04035   0.23373   0.16623   2.13860   0.53984   0.27934   1.21125  
 11 42.1139   5825.479286  x:  2.93688   0.77030   0.12486   0.49154   0.09420   0.87953   0.37033   0.28557   0.04156   0.22574   0.16584   2.15597   0.43527   0.25927   1.11363  
 12 25.3041   5824.769083  x:  2.95623   0.75268   0.11546   0.52945   0.08652   0.87727   0.40691   0.28985   0.03945   0.23007   0.16782   2.18318   0.22409   0.23822   1.03251  
 13 21.4117   5823.853092  x:  2.97087   0.74695   0.13677   0.48920   0.09306   0.89428   0.38967   0.28928   0.04197   0.22848   0.16947   2.21507  -0.09204   0.21280   0.98402  
 14 29.9470   5823.357942  x:  2.88208   0.74617   0.13296   0.48941   0.08385   0.91317   0.38282   0.28562   0.04198   0.22701   0.17195   2.07514  -0.16019   0.19947   0.93647  
 15  1.2246   5821.786855  x:  3.00203   0.68675   0.16404   0.50037   0.04955   0.90279   0.37890   0.27862   0.04195   0.22097   0.17736   2.10088  -0.22010   0.16829   0.94985  
 16  0.8909   5821.642348  x:  3.01377   0.73768   0.12871   0.50736   0.04690   0.90971   0.37940   0.27874   0.04193   0.22177   0.17855   2.11100  -0.23156   0.16634   0.96006  
 17  3.8176   5821.386469  x:  3.07576   0.74706   0.10321   0.50505   0.04781   0.89098   0.37179   0.27715   0.04410   0.21741   0.17673   2.12755  -0.38363   0.14667   0.89272  
 18  0.1788   5821.353050  x:  3.06270   0.74475   0.10046   0.50591   0.04719   0.88694   0.37173   0.27676   0.04540   0.21658   0.17548   2.11847  -0.41623   0.14651   0.89875  
 19  0.0479   5821.339729  x:  3.02935   0.74446   0.10031   0.50232   0.04548   0.88464   0.37142   0.27573   0.04682   0.21593   0.17463   2.11153  -0.45357   0.14033   0.88542  
 20  0.0323   5821.338055  x:  3.01971   0.74475   0.10007   0.50341   0.04638   0.88417   0.37133   0.27601   0.04671   0.21620   0.17503   2.11430  -0.45658   0.14011   0.88542  
 21  0.0100   5821.337998  x:  3.01935   0.74443   0.10046   0.50369   0.04615   0.88407   0.37135   0.27604   0.04659   0.21626   0.17509   2.11462  -0.45749   0.14003   0.88521  
 22  0.0013   5821.337986  x:  3.01918   0.74443   0.10039   0.50358   0.04620   0.88401   0.37132   0.27601   0.04650   0.21623   0.17509   2.11455  -0.45774   0.13998   0.88514  
 23  0.0003   5821.337986  x:  3.01914   0.74446   0.10037   0.50359   0.04619   0.88404   0.37133   0.27602   0.04650   0.21623   0.17508   2.11452  -0.45782   0.13997   0.88512  
 24  0.0001   5821.337986  x:  3.01916   0.74445   0.10038   0.50359   0.04619   0.88404   0.37133   0.27602   0.04650   0.21623   0.17508   2.11452  -0.45786   0.13996   0.88511  
 25  0.0000   5821.337986  x:  3.01916   0.74445   0.10038   0.50359   0.04619   0.88404   0.37133   0.27602   0.04650   0.21623   0.17508   2.11452  -0.45786   0.13996   0.88511  
 26  0.0000   5821.337986  x:  3.01916   0.74445   0.10038   0.50359   0.04619   0.88404   0.37133   0.27602   0.04650   0.21623   0.17508   2.11452  -0.45786   0.13996   0.88511  