

TREE # 1

  0  0.0000   5907.749556  x:  1.68621   0.62732   0.04599   0.41234   0.00000   0.58143   0.30378   0.21487   0.07434   0.15045   0.17162   3.00000   1.37446   0.16501   0.26308   3.82829  
  1 99.0000   5889.220366  x:  1.72427   0.66772   0.12511   0.44216   0.15730   0.66141   0.35482   0.24889   0.06951   0.19569   0.16026   2.96809   1.35995   0.18504   0.28283   3.82638  
  2 255.3594   5872.526070  x:  1.89574   0.71204   0.20388   0.47145   0.05156   0.88534   0.40085   0.31666   0.07753   0.23418   0.20992   2.83399   1.29725   0.27385   0.34250   3.81785  
  3 107.0444   5864.467198  x:  2.00115   0.72591   0.22538   0.49382   0.01314   0.97764   0.40826   0.31205   0.02329   0.23221   0.16827   2.74659   1.26180   0.32739   0.29411   3.81253  
  4 173.6112   5859.374622  x:  2.09811   0.72500   0.21936   0.51448   0.00979   1.02251   0.40122   0.30477   0.05918   0.21832   0.16023   2.66235   1.22805   0.38140   0.22856   3.80662  
  5 164.2936   5847.911709  x:  2.37305   0.69785   0.14792   0.55797   0.04967   1.05361   0.34374   0.23194   0.09332   0.15884   0.13270   2.41959   1.11187   0.56140   0.24590   3.78837  
  6 174.6396   5840.046760  x:  2.59554   0.67904   0.08191   0.56978   0.08002   1.01021   0.30099   0.21436   0.06119   0.22223   0.18913   2.21642   1.01325   0.71945   0.22026   3.77079  
  7 207.2941   5833.994902  x:  2.78100   0.70028   0.06596   0.54244   0.08238   0.89522   0.31693   0.31140   0.05051   0.22428   0.16555   2.04745   0.92535   0.87121   0.20816   3.75090  
  8 129.0446   5831.968956  x:  2.84688   0.73691   0.10263   0.50963   0.07393   0.83696   0.36310   0.28036   0.04953   0.21101   0.18236   1.99940   0.89671   0.94018   0.19849   3.73907  
  9 58.9365   5831.750663  x:  2.85567   0.73790   0.10336   0.49850   0.07100   0.83435   0.36763   0.27315   0.05728   0.22494   0.17045   2.00650   0.89569   0.96171   0.19903   3.73285  
 10 15.7243   5830.781927  x:  2.90223   0.72924   0.09251   0.44234   0.08277   0.85119   0.36978   0.27777   0.05095   0.21519   0.17517   2.10525   0.90946   1.13047   0.18219   3.67652  
 11 16.5387   5829.798370  x:  2.95114   0.74345   0.11092   0.48957   0.07470   0.83740   0.35087   0.27981   0.05009   0.21731   0.17550   2.22144   0.95244   1.33453   0.17058   3.60030  
 12 30.9398   5829.512488  x:  2.96356   0.73634   0.09602   0.51117   0.07212   0.83526   0.37916   0.28009   0.04811   0.21770   0.17604   2.24399   0.98938   1.39558   0.16919   3.56998  
 13 20.3651   5824.558975  x:  3.14775   0.84431   0.03231   0.49485   0.06953   0.84815   0.37328   0.29381   0.03314   0.22222   0.17454   2.20903   2.48291   2.51873   0.18616   2.75814  
 14 14.4554   5823.565155  x:  3.11460   0.71309   0.12043   0.49155   0.06161   0.84580   0.36942   0.29627   0.02976   0.22030   0.17404   2.15218   2.74739   2.77928   0.18643   2.59093  
 15 20.7403   5823.039700  x:  2.97267   0.72775   0.11316   0.49664   0.05582   0.87351   0.36633   0.29319   0.03018   0.21790   0.17236   2.06761   2.82502   2.98169   0.17909   2.49303  
 16  7.5580   5822.237415  x:  3.04260   0.73870   0.11702   0.50790   0.04082   0.89894   0.37728   0.27168   0.05140   0.21658   0.17517   2.12791   3.05602   3.23286   0.18016   2.10851  
 17  0.5306   5821.818055  x:  3.15445   0.74720   0.09718   0.50987   0.05387   0.89452   0.37310   0.27667   0.04382   0.21605   0.17654   2.16911   3.75149   3.99449   0.17093   1.00000  
 18  0.4544   5821.722852  x:  3.09271   0.74576   0.10598   0.50774   0.04738   0.89594   0.37413   0.27971   0.04604   0.21773   0.17570   2.13640   3.77639   3.96107   0.17916   1.00000  
 19  0.0683   5821.707033  x:  3.06834   0.74447   0.11004   0.50728   0.04695   0.89430   0.37599   0.27548   0.04579   0.21801   0.17564   2.13637   3.96198   4.14348   0.17866   1.00000  
 20  0.1177   5821.673365  x:  3.04108   0.74148   0.10891   0.50652   0.04793   0.88942   0.37562   0.27936   0.04571   0.21644   0.17585   2.14668   4.76537   4.95346   0.17937   1.00000  
 21  0.2668   5821.648094  x:  3.07670   0.74776   0.10429   0.50623   0.04698   0.89255   0.37355   0.27661   0.04609   0.21791   0.17525   2.13733   5.60293   5.77770   0.17947   1.00000  
 22  0.4046   5821.638066  x:  3.06264   0.74266   0.10838   0.50793   0.04629   0.89361   0.37574   0.27859   0.04594   0.21690   0.17588   2.13819   6.51441   6.70049   0.17901   1.00000  
 23  0.4861   5821.633895  x:  3.07317   0.74532   0.10756   0.50659   0.04773   0.89318   0.37477   0.27768   0.04590   0.21769   0.17557   2.13853   7.35172   7.53244   0.17949   1.00000  
 24  0.5124   5821.632348  x:  3.06908   0.74393   0.10866   0.50768   0.04690   0.89433   0.37541   0.27837   0.04595   0.21757   0.17561   2.13886   8.28911   8.47172   0.17915   1.00000  
 25  0.4804   5821.631617  x:  3.07026   0.74456   0.10765   0.50696   0.04739   0.89323   0.37502   0.27783   0.04595   0.21746   0.17570   2.13804   9.11435   9.29660   0.17946   1.00000  
 26  0.5010   5821.631334  x:  3.06971   0.74479   0.10761   0.50709   0.04706   0.89343   0.37495   0.27800   0.04592   0.21752   0.17556   2.13901   9.99926  10.18074   0.17920   1.00000  
 27  0.5309   5821.631222  x:  3.06874   0.74438   0.10765   0.50713   0.04714   0.89330   0.37506   0.27792   0.04596   0.21743   0.17566   2.13825  10.72006  10.90213   0.17937   1.00000  
 28  0.4523   5821.631159  x:  3.07017   0.74475   0.10767   0.50706   0.04718   0.89343   0.37498   0.27797   0.04593   0.21751   0.17561   2.13879  11.72152  11.90334   0.17927   1.00000  
 29  0.4834   5821.631138  x:  3.06938   0.74444   0.10779   0.50714   0.04716   0.89344   0.37507   0.27797   0.04595   0.21748   0.17564   2.13841  12.45342  12.63539   0.17934   1.00000  
 30  0.4785   5821.631128  x:  3.06987   0.74465   0.10769   0.50709   0.04717   0.89342   0.37501   0.27797   0.04593   0.21750   0.17562   2.13867  13.45094  13.63286   0.17929   1.00000  
 31  0.4563   5821.631124  x:  3.06946   0.74451   0.10773   0.50712   0.04715   0.89341   0.37505   0.27796   0.04594   0.21749   0.17563   2.13848  14.22382  14.40572   0.17932   1.00000  
 32  0.4902   5821.631122  x:  3.06969   0.74459   0.10771   0.50710   0.04716   0.89342   0.37503   0.27797   0.04594   0.21749   0.17562   2.13859  14.75606  14.93798   0.17931   1.00000  
 33  0.3273   5821.631121  x:  3.06952   0.74453   0.10773   0.50712   0.04716   0.89342   0.37504   0.27797   0.04594   0.21749   0.17563   2.13850  15.92269  16.10460   0.17932   1.00000  
 34  0.4428   5821.631121  x:  3.06963   0.74457   0.10772   0.50711   0.04716   0.89342   0.37503   0.27797   0.04594   0.21749   0.17563   2.13856  16.30680  16.48872   0.17931   1.00000  
 35  0.3269   5821.631121  x:  3.06965   0.74458   0.10771   0.50711   0.04716   0.89342   0.37503   0.27797   0.04594   0.21749   0.17563   2.13857  16.43436  16.61628   0.17931   1.00000  
 36  5.9471   5821.631121  x:  3.06963   0.74457   0.10772   0.50711   0.04716   0.89342   0.37503   0.27797   0.04594   0.21749   0.17563   2.13856  16.36344  16.54536   0.17931   1.00000  
 37  0.1799   5821.631121  x:  3.06960   0.74456   0.10772   0.50711   0.04716   0.89342   0.37504   0.27797   0.04594   0.21749   0.17563   2.13855  16.36327  16.54519   0.17931   1.00000  
 38  0.0001   5821.631121  x:  3.06960   0.74456   0.10772   0.50711   0.04716   0.89342   0.37504   0.27797   0.04594   0.21749   0.17563   2.13855  16.36355  16.54546   0.17931   1.00000  
 39  0.0002   5821.631121  x:  3.06960   0.74456   0.10772   0.50711   0.04716   0.89342   0.37504   0.27797   0.04594   0.21749   0.17563   2.13855  16.36464  16.54656   0.17931   1.00000  
 40  0.0007   5821.631121  x:  3.06960   0.74456   0.10772   0.50711   0.04716   0.89342   0.37504   0.27797   0.04594   0.21749   0.17563   2.13854  16.36636  16.54828   0.17931   1.00000  
 41  0.0006   5821.631121  x:  3.06960   0.74456   0.10772   0.50711   0.04716   0.89342   0.37504   0.27797   0.04594   0.21749   0.17563   2.13854  16.36679  16.54871   0.17931   1.00000  
 42  0.0925   5821.631121  x:  3.06960   0.74456   0.10772   0.50711   0.04716   0.89342   0.37504   0.27797   0.04594   0.21749   0.17563   2.13855  16.36647  16.54839   0.17931   1.00000  
 43  0.0003   5821.631121  x:  3.06960   0.74456   0.10772   0.50711   0.04716   0.89342   0.37504   0.27797   0.04594   0.21749   0.17563   2.13855  16.36771  16.54963   0.17931   1.00000  
 44  0.0002   5821.631121  x:  3.06960   0.74456   0.10772   0.50711   0.04716   0.89342   0.37504   0.27797   0.04594   0.21749   0.17563   2.13855  16.38579  16.56771   0.17931   1.00000  
 45  0.0032   5821.631121  x:  3.06960   0.74456   0.10772   0.50711   0.04716   0.89342   0.37504   0.27797   0.04594   0.21749   0.17563   2.13855  16.38577  16.56769   0.17931   1.00000  
 46  0.0469   5821.631121  x:  3.06959   0.74456   0.10772   0.50711   0.04716   0.89342   0.37504   0.27797   0.04594   0.21749   0.17563   2.13854  16.43091  16.61283   0.17931   1.00000  
 47  0.1226   5821.631121  x:  3.06960   0.74456   0.10772   0.50711   0.04716   0.89342   0.37504   0.27797   0.04594   0.21749   0.17563   2.13854  16.42885  16.61077   0.17931   1.00000  
 48  0.0032   5821.631121  x:  3.06960   0.74456   0.10772   0.50711   0.04716   0.89342   0.37504   0.27797   0.04594   0.21749   0.17563   2.13854  16.43091  16.61283   0.17931   1.00000  
 49  0.0244   5821.631121  x:  3.06960   0.74456   0.10772   0.50711   0.04716   0.89342   0.37504   0.27797   0.04594   0.21749   0.17563   2.13854  16.43251  16.61442   0.17931   1.00000  
 50  0.0018   5821.631121  x:  3.06960   0.74456   0.10772   0.50711   0.04716   0.89342   0.37504   0.27797   0.04594   0.21749   0.17563   2.13854  16.44504  16.62696   0.17931   1.00000  
 51  0.0022   5821.631121  x:  3.06958   0.74457   0.10772   0.50711   0.04716   0.89342   0.37504   0.27797   0.04594   0.21749   0.17563   2.13855  16.66556  16.84750   0.17931   1.00000  
 52  0.0390   5821.631121  x:  3.06958   0.74457   0.10772   0.50711   0.04716   0.89342   0.37504   0.27797   0.04594   0.21749   0.17563   2.13854  16.65712  16.83906   0.17931   1.00000  
 53  0.1875   5821.631121  x:  3.06960   0.74456   0.10772   0.50711   0.04716   0.89342   0.37504   0.27797   0.04594   0.21749   0.17563   2.13854  16.66346  16.84537   0.17931   1.00000  
 54  0.0072   5821.631121  x:  3.06960   0.74456   0.10772   0.50711   0.04716   0.89342   0.37504   0.27797   0.04594   0.21749   0.17563   2.13855  16.67906  16.86098   0.17931   1.00000  
 55  0.0041   5821.631121  x:  3.06960   0.74456   0.10772   0.50711   0.04716   0.89342   0.37504   0.27797   0.04594   0.21749   0.17563   2.13855  16.67611  16.85804   0.17931   1.00000  
 56  0.0104   5821.631121  x:  3.06960   0.74456   0.10772   0.50711   0.04716   0.89342   0.37504   0.27797   0.04594   0.21749   0.17563   2.13855  16.67563  16.85756   0.17931   1.00000  
 57  0.6799   5821.631121  x:  3.06960   0.74456   0.10772   0.50711   0.04716   0.89342   0.37504   0.27797   0.04594   0.21749   0.17563   2.13855  16.67563  16.85756   0.17931   1.00000  