

TREE # 1

  0  0.0000   6025.689280  x:  1.69674   0.63915   0.05267   0.40281   0.00000   0.59003   0.30717   0.21155   0.07304   0.14776   0.16933   3.00000   0.43503   0.25606   1.00000   2.36405   3.71201  
  1 99.0000   5985.837368  x:  1.75665   0.70406   0.20755   0.46702   0.30623   0.72008   0.40060   0.28420   0.08487   0.24015   0.18220   2.97107   0.49396   0.23798   0.90879   2.32987   3.69773  
  2 361.2647   5912.912865  x:  2.01116   0.75128   0.31111   0.53885   0.18665   1.02828   0.48344   0.31629   0.00000   0.26049   0.19355   2.86854   0.74236   0.14810   0.42974   2.21465   3.65157  
  3 164.2938   5904.692621  x:  2.07330   0.76061   0.32746   0.55322   0.15620   1.08429   0.49612   0.33334   0.06083   0.26204   0.20843   2.84484   0.80365   0.12916   0.34548   2.18329   3.63656  
  4 449.4462   5874.374362  x:  2.51838   0.83518   0.40409   0.63740   0.04656   1.30690   0.50012   0.31531   0.11184   0.22911   0.13065   2.69432   1.19386   0.06278   0.48775   1.90401   3.48841  
  5 119.0221   5866.599776  x:  2.69241   0.84057   0.37981   0.65394   0.04452   1.30284   0.46390   0.30858   0.08686   0.26319   0.24244   2.63083   1.35138   0.04322   0.51703   1.79038   3.42316  
  6 146.7153   5848.215142  x:  3.11349   0.80566   0.20232   0.65694   0.17867   1.06392   0.32937   0.30619   0.05754   0.28876   0.18375   2.45875   1.71959   0.01988   0.42176   1.50927   3.25200  
  7 124.6502   5845.386462  x:  3.19162   0.80894   0.17394   0.61014   0.20122   1.00299   0.41366   0.31172   0.04614   0.22432   0.19905   2.40802   1.76209   0.05002   0.40478   1.44927   3.19522  
  8 47.6565   5843.892193  x:  3.24063   0.82678   0.17731   0.54404   0.18711   0.96738   0.46361   0.30451   0.04593   0.27442   0.18820   2.35757   1.75515   0.11104   0.39167   1.40409   3.12995  
  9 31.7389   5841.304118  x:  3.32842   0.87481   0.22345   0.46021   0.17744   0.94589   0.41562   0.34547   0.03582   0.25910   0.19369   2.23846   1.67248   0.30905   0.34996   1.30725   2.95279  
 10 31.9794   5837.069970  x:  3.46311   0.87728   0.21602   0.45469   0.19200   0.96499   0.38327   0.25838   0.04713   0.24354   0.20861   2.05351   1.50328   0.68939   0.27079   1.13343   2.62337  
 11 74.4215   5830.845217  x:  3.64799   0.80823   0.13263   0.52013   0.18085   1.01222   0.39006   0.31170   0.03643   0.26931   0.21123   1.83011   1.25211   1.26437   0.18105   0.84920   2.13101  
 12 174.1782   5828.397794  x:  3.70894   0.79261   0.16347   0.55135   0.16316   0.99006   0.39346   0.31006   0.03285   0.27210   0.21516   1.88651   1.16692   1.49052   0.12922   0.65898   1.94381  
 13 47.1693   5826.921609  x:  3.85659   0.73696   0.17247   0.51422   0.17043   1.00835   0.38723   0.30937   0.03175   0.27055   0.21668   2.03166   1.11967   1.68423   0.09953   0.66904   1.79468  
 14 17.6149   5826.702872  x:  3.89659   0.73735   0.19354   0.54311   0.15862   0.98417   0.39465   0.31094   0.03153   0.27253   0.21768   2.03929   1.10047   1.71698   0.09632   0.68194   1.81490  
 15  4.4183   5826.013496  x:  4.00881   0.68341   0.22083   0.54616   0.15040   0.97571   0.39749   0.30942   0.03621   0.27228   0.22050   2.05929   1.01830   1.80587   0.09217   0.64352   1.96501  
 16  8.4796   5824.736419  x:  4.06928   0.86879   0.09340   0.56156   0.14272   1.01473   0.40286   0.31437   0.04111   0.27208   0.21800   2.16299   0.96217   1.89207   0.08496   0.61177   2.17128  
 17  3.7149   5820.002483  x:  3.86368   0.78697   0.16923   0.58644   0.05095   1.03635   0.41558   0.31197   0.04881   0.24410   0.18527   2.33003   1.06085   1.76917   0.09220   0.65395   2.48857  
 18  2.1896   5815.979923  x:  3.56570   0.82680   0.06505   0.53112   0.02943   0.92314   0.39055   0.27480   0.05408   0.19712   0.16208   2.26860   0.87041   2.07421   0.02916   0.56101   2.09315  
 19  0.4230   5814.698052  x:  3.47626   0.86650   0.00000   0.52570   0.03323   0.88925   0.38775   0.26945   0.05419   0.20012   0.16924   2.25338   0.59309   1.77103   0.03168   0.55176   1.85347  
 20  1.2599   5812.853065  x:  3.33083   0.83292   0.02735   0.51536   0.01249   0.87159   0.38548   0.26921   0.05174   0.21879   0.18919   2.16132  -0.00855   1.29733   0.01324   0.49021   1.45780  
 21  1.3135   5811.765596  x:  3.35303   0.83840   0.01990   0.52805   0.01691   0.88878   0.38936   0.27751   0.05021   0.22974   0.20054   2.13559  -0.37551   1.01259   0.00000   0.44776   1.49426  
 22  1.3525   5811.308689  x:  3.26292   0.82583   0.04414   0.52021   0.02388   0.90670   0.38592   0.27764   0.04937   0.22704   0.19751   2.12107  -0.35591   0.97467   0.00000   0.47992   1.51446  
 23  0.5364   5811.302948  x:  3.25876   0.82525   0.04525   0.51985   0.02420   0.90752   0.38577   0.27765   0.04933   0.22691   0.19737   2.12041  -0.35518   0.97283   0.00167   0.48137   1.51532  
 24 21.9573   5811.179200  x:  3.25089   0.82520   0.04509   0.52032   0.02562   0.90922   0.38555   0.27791   0.04922   0.22650   0.19658   2.12022  -0.39784   0.94725   0.00000   0.47492   1.49843  
 25  0.7899   5810.795130  x:  3.19568   0.81954   0.05847   0.52185   0.02448   0.91768   0.38902   0.27919   0.04803   0.22319   0.18696   2.13802  -0.55428   0.90644   0.00000   0.44940   1.48580  
 26  0.4145   5810.655266  x:  3.19819   0.81285   0.06864   0.52680   0.03218   0.92074   0.39118   0.28087   0.04712   0.22020   0.17939   2.16108  -0.51269   0.91277   0.00000   0.44991   1.46778  
 27  0.1016   5810.647157  x:  3.21797   0.81512   0.06776   0.52796   0.03217   0.92283   0.39133   0.28151   0.04707   0.22011   0.17953   2.16796  -0.54417   0.87579   0.00000   0.44886   1.45599  
 28  0.1023   5810.645528  x:  3.21561   0.81570   0.06814   0.52666   0.03206   0.92562   0.39047   0.28150   0.04663   0.22005   0.17959   2.16774  -0.53593   0.88322   0.00000   0.45062   1.46224  
 29  0.0205   5810.645383  x:  3.21824   0.81524   0.06847   0.52635   0.03236   0.92545   0.39048   0.28143   0.04643   0.22011   0.17981   2.16737  -0.53654   0.88351   0.00000   0.45050   1.46228  
 30  0.0040   5810.645370  x:  3.21849   0.81530   0.06850   0.52644   0.03226   0.92544   0.39061   0.28143   0.04636   0.22010   0.17978   2.16720  -0.53660   0.88328   0.00000   0.45044   1.46216  
 31  0.0005   5810.645370  x:  3.21854   0.81530   0.06848   0.52645   0.03226   0.92544   0.39057   0.28143   0.04636   0.22010   0.17978   2.16718  -0.53663   0.88329   0.00000   0.45042   1.46207  
 32  0.0002   5810.645370  x:  3.21855   0.81530   0.06847   0.52644   0.03226   0.92543   0.39057   0.28143   0.04636   0.22010   0.17978   2.16719  -0.53662   0.88327   0.00000   0.45042   1.46207  
 33  0.0000   5810.645370  x:  3.21855   0.81530   0.06847   0.52644   0.03226   0.92543   0.39057   0.28143   0.04636   0.22010   0.17978   2.16719  -0.53662   0.88327   0.00000   0.45042   1.46207  
 34  0.0000   5810.645370  x:  3.21855   0.81530   0.06847   0.52644   0.03226   0.92543   0.39057   0.28143   0.04636   0.22010   0.17978   2.16719  -0.53663   0.88327   0.00000   0.45042   1.46207  