

TREE # 1

  0  0.0000   5994.230659  x:  1.34827   0.52325   0.06640   0.33943   0.00000   0.48021   0.25418   0.17556   0.07504   0.11819   0.14668   3.00000   0.31522   0.64281   0.50000   1.27352   1.75053  
  1 99.0000   5929.577398  x:  1.41809   0.60652   0.21063   0.41978   0.28752   0.63733   0.37320   0.28125   0.09851   0.24215   0.18920   2.96901   0.34540   0.62664   0.41161   1.23282   1.74911  
  2 502.2650   5888.119698  x:  1.58077   0.65602   0.25623   0.46651   0.21678   0.81131   0.41846   0.26993   0.00000   0.23587   0.15031   2.90513   0.41307   0.58981   0.17694   1.16092   1.74162  
  3 197.5081   5878.159853  x:  1.64726   0.67033   0.26558   0.48028   0.17543   0.86970   0.42899   0.27899   0.03655   0.23046   0.16254   2.87867   0.43891   0.57688   0.10100   1.12805   1.73650  
  4 474.9152   5849.403238  x:  2.06922   0.73951   0.31031   0.54609   0.00000   1.15585   0.43857   0.32340   0.04420   0.22162   0.22186   2.70720   0.51942   0.56136   0.24056   0.85149   1.68580  
  5 163.9820   5836.866976  x:  2.35273   0.71158   0.21323   0.56993   0.07013   1.11588   0.37065   0.27547   0.08214   0.25246   0.13276   2.55890   0.56383   0.56056   0.23942   0.64512   1.66328  
  6 88.5066   5831.678216  x:  2.50078   0.69803   0.15882   0.56566   0.10709   1.04897   0.33845   0.28136   0.05025   0.25682   0.20077   2.46938   0.57300   0.56604   0.21458   0.55373   1.65301  
  7 129.1152   5827.453117  x:  2.67851   0.73540   0.15805   0.53029   0.12247   0.93761   0.38113   0.34446   0.03800   0.20720   0.18776   2.34057   0.53887   0.59046   0.20305   0.56447   1.62303  
  8 56.5238   5824.885386  x:  2.80752   0.76565   0.16757   0.49975   0.11378   0.87133   0.41620   0.31321   0.03870   0.25540   0.19814   2.23916   0.49022   0.61993   0.19743   0.61380   1.59412  
  9 68.9736   5823.974744  x:  2.85374   0.75180   0.16087   0.50757   0.13377   0.89336   0.39026   0.29512   0.04255   0.23156   0.20667   2.18600   0.41545   0.66599   0.18700   0.65084   1.57470  
 10 18.7011   5823.181568  x:  2.88187   0.72792   0.15229   0.50888   0.12808   0.91010   0.36546   0.32475   0.03961   0.25311   0.19758   2.14057   0.31712   0.73031   0.16585   0.65531   1.55475  
 11 28.9107   5818.271775  x:  2.98231   0.64962   0.21188   0.51034   0.09134   0.93821   0.42689   0.30510   0.05751   0.25241   0.17461   1.90036  -0.44068   1.24950   0.00000   0.41251   1.41626  
 12 39.9354   5818.098416  x:  2.97242   0.64010   0.19694   0.51872   0.09089   0.94082   0.44352   0.30623   0.05657   0.25248   0.17596   1.89549  -0.40822   1.22456   0.00000   0.42378   1.43103  
 13 10.1538   5817.559403  x:  2.93983   0.67307   0.19916   0.54790   0.08083   0.93554   0.42866   0.30524   0.05827   0.25347   0.17463   1.84799  -0.36993   1.17701   0.00000   0.42845   1.50421  
 14  6.1155   5816.561923  x:  2.96165   0.73501   0.14803   0.47637   0.09013   0.96849   0.42851   0.30241   0.06107   0.25124   0.17286   1.88344  -0.35215   1.15217   0.00000   0.43474   1.60334  
 15  5.3535   5814.098145  x:  3.11847   0.86175   0.04963   0.55526   0.07102   0.96464   0.44209   0.30222   0.06509   0.25521   0.17109   2.09186  -0.40963   1.22022   0.00000   0.45641   1.74368  
 16 13.8913   5812.726292  x:  3.19627   0.79298   0.13507   0.54191   0.06513   0.94416   0.41448   0.29611   0.06399   0.24919   0.17111   2.21825  -0.29723   1.18901   0.00000   0.49028   1.76222  
 17 10.3779   5812.516838  x:  3.17416   0.82518   0.11090   0.53994   0.06709   0.94887   0.40654   0.29654   0.06054   0.24849   0.17320   2.21132  -0.28154   1.13358   0.00000   0.48726   1.65763  
 18  2.0014   5812.505250  x:  3.17162   0.82899   0.10802   0.53972   0.06730   0.94943   0.40560   0.29658   0.06012   0.24839   0.17344   2.21054  -0.28010   1.12647   0.00248   0.48683   1.64495  
 19 56.5936   5811.967182  x:  3.20127   0.82101   0.10657   0.54370   0.06191   0.94948   0.40475   0.29391   0.05828   0.24496   0.17413   2.22405  -0.41577   0.96171   0.00000   0.46398   1.57072  
 20  2.7034   5810.952482  x:  3.29671   0.82934   0.08988   0.53765   0.03492   0.96202   0.39620   0.28345   0.05109   0.22741   0.18015   2.17978  -0.62989   0.85111   0.00000   0.45486   1.50518  
 21  0.6180   5810.706199  x:  3.30395   0.82496   0.06465   0.53117   0.03441   0.94095   0.39131   0.28558   0.04396   0.22011   0.18357   2.17959  -0.58188   0.83910   0.00000   0.44385   1.44475  
 22  0.0845   5810.663965  x:  3.27765   0.81869   0.06685   0.52790   0.03295   0.92909   0.39240   0.28262   0.04597   0.22137   0.18043   2.17163  -0.53629   0.88400   0.00000   0.44790   1.48020  
 23  0.0630   5810.651336  x:  3.24591   0.81718   0.06802   0.52606   0.03239   0.92533   0.39087   0.28078   0.04674   0.22048   0.17886   2.16455  -0.52569   0.88779   0.00000   0.45069   1.46363  
 24  0.0315   5810.645755  x:  3.22079   0.81481   0.06872   0.52689   0.03202   0.92561   0.39053   0.28150   0.04679   0.21981   0.17934   2.16670  -0.53920   0.88087   0.00000   0.44970   1.45972  
 25  0.0198   5810.645399  x:  3.21874   0.81542   0.06830   0.52640   0.03226   0.92554   0.39052   0.28138   0.04651   0.22004   0.17984   2.16706  -0.53609   0.88371   0.00000   0.45050   1.46232  
 26  0.0055   5810.645373  x:  3.21866   0.81530   0.06849   0.52641   0.03223   0.92535   0.39060   0.28143   0.04638   0.22013   0.17981   2.16724  -0.53681   0.88303   0.00000   0.45039   1.46188  
 27  0.0010   5810.645370  x:  3.21858   0.81529   0.06848   0.52643   0.03227   0.92540   0.39057   0.28143   0.04636   0.22009   0.17978   2.16719  -0.53668   0.88320   0.00000   0.45041   1.46204  
 28  0.0003   5810.645370  x:  3.21855   0.81530   0.06847   0.52644   0.03225   0.92543   0.39057   0.28143   0.04636   0.22010   0.17978   2.16719  -0.53663   0.88326   0.00000   0.45042   1.46207  
 29  0.0001   5810.645370  x:  3.21855   0.81530   0.06847   0.52644   0.03226   0.92543   0.39057   0.28143   0.04636   0.22010   0.17978   2.16719  -0.53663   0.88326   0.00000   0.45042   1.46207  
 30  0.0000   5810.645370  x:  3.21855   0.81530   0.06847   0.52644   0.03226   0.92543   0.39057   0.28143   0.04636   0.22010   0.17978   2.16719  -0.53662   0.88327   0.00000   0.45042   1.46207  
 31  0.0000   5810.645370  x:  3.21855   0.81530   0.06847   0.52644   0.03226   0.92543   0.39057   0.28143   0.04636   0.22010   0.17978   2.16719  -0.53662   0.88327   0.00000   0.45042   1.46207  
 32  0.0000   5810.645370  x:  3.21855   0.81530   0.06847   0.52644   0.03226   0.92543   0.39057   0.28143   0.04636   0.22010   0.17978   2.16719  -0.53662   0.88327   0.00000   0.45042   1.46207  