

TREE # 1

  0  0.0000   6437.463026  x:  1.63935   0.61274   0.04463   0.39150   0.00000   0.57380   0.30083   0.20633   0.06809   0.14653   0.16767   3.00000   0.21615   0.29204   5.00000  11.72795  19.23353  
  1 99.0000   6395.455589  x:  1.66813   0.64496   0.14912   0.42233   0.36508   0.63245   0.34675   0.23967   0.08951   0.18117   0.17714   2.98955   0.24482   0.28436   4.99199  11.72398  19.23232  
  2 927.6482   6324.737306  x:  2.05005   0.81482   0.52147   0.61538   0.19920   1.21611   0.65890   0.47216   0.15232   0.42014   0.27562   2.87485   0.63332   0.15867   4.85982  11.67812  19.21864  
  3 187.5869   6292.929480  x:  2.24891   0.85516   0.59079   0.67504   0.18259   1.36811   0.68148   0.40638   0.02175   0.38328   0.16764   2.82693   0.85927   0.06201   4.73001  11.66137  19.21593  
  4 200.4516   6244.280997  x:  2.73395   0.88614   0.63046   0.76614   0.17338   1.59094   0.61066   0.22453   0.17315   0.17817   0.11573   2.72097   1.44021  -0.20220   4.32854  11.62714  19.21294  
  5 320.3059   6190.987429  x:  3.47043   0.82221   0.52576   0.81032   0.20940   1.72565   0.34075   0.21779   0.05534   0.19807   0.43666   2.58154   2.30062  -0.61800   3.50930  11.58537  19.21654  
  6 334.6772   6106.140920  x:  4.75414   0.56574   0.21733   0.74321   0.26552   1.74578   0.07474   0.79443   0.14573   0.49610   0.13175   2.37601   3.56235  -1.29262   1.56406  11.51670  19.23810  
  7 363.9926   6005.392967  x:  5.36553   0.47628   0.08827   0.67754   0.28436   1.68678   0.19449   0.96512   0.16275   0.59162   0.06749   2.28915   4.11935  -1.61565   0.44058  11.48469  19.25237  
  8 1237.3994   6002.557955  x:  5.39582   0.50101   0.10282   0.67558   0.28095   1.67134   0.18403   0.97583   0.16416   0.59435   0.06423   2.28312   4.13864  -1.63172   0.37708  11.48349  19.25379  
  9 230.7918   5996.336733  x:  5.56843   0.62227   0.10172   0.63325   0.27617   1.48547   0.25510   1.04746   0.16435   0.60242   0.04849   2.24326   4.23005  -1.72917   0.37894  11.48153  19.26583  
 10 47.3947   5979.841431  x:  6.41793   0.66138   0.07260   0.79360   0.27818   1.24684   0.31361   1.18270   0.13200   0.44669   0.10786   2.00301   3.68047  -2.00039   0.39898  11.43789  19.35570  
 11 27.2872   5972.615214  x:  6.81130   0.74698   0.02487   0.69297   0.28523   1.22789   0.30202   1.03787   0.17396   0.61493   0.09821   2.01620   3.37754  -2.18140   0.42774  11.42980  19.41526  
 12 44.7546   5967.800530  x:  6.84049   0.79813   0.00000   0.72964   0.28589   1.26187   0.30690   1.05488   0.16864   0.58696   0.10933   2.24277   3.29908  -2.28418   0.43796  11.45853  19.45860  
 13 12.2097   5952.927836  x:  6.25476   0.41425   0.58756   0.70276   0.19149   1.27098   0.29316   0.93002   0.16717   0.59509   0.13748   2.43788   3.16432  -2.81120   0.51634  11.76906  19.75164  
 14 10.9101   5917.301419  x:  4.60629   0.70375   0.44419   1.06106   0.16380   1.75440   0.35392   0.71276   0.18225   0.68293   0.18354   1.84118   2.92187  -3.63820   0.51502  12.44453  20.32434  
 15 33.4116   5913.435482  x:  4.50515   0.77262   0.42361   0.82573   0.17170   1.88798   0.34835   0.76172   0.15300   0.56370   0.21558   1.79455   2.94207  -3.49182   0.51751  12.50163  20.36465  
 16 12.3950   5901.650775  x:  4.38943   0.91861   0.35022   0.81770   0.17247   1.89808   0.34347   0.55469   0.16539   0.65062   0.25697   1.88866   3.29381  -2.27721   0.51847  12.64979  20.42513  
 17 13.8002   5883.163645  x:  5.11827   1.22884   0.23202   0.98199   0.14941   1.78917   0.58932   0.64989   0.09152   0.39749   0.34847   2.23777   3.21054  -1.86634   0.47750  13.30619  21.06554  
 18  0.9260   5879.235374  x:  5.16159   1.34074   0.22715   1.02392   0.12701   1.74615   0.64682   0.49885   0.09611   0.44055   0.36801   2.09204   3.20103  -1.48209   0.48359  13.46421  21.54793  
 19  0.6548   5878.188265  x:  4.90985   1.36299   0.26079   1.00753   0.10709   1.68855   0.68658   0.51210   0.08485   0.39973   0.36822   1.99288   3.27846  -1.63087   0.48308  13.19230  21.98743  
 20  0.4773   5877.370677  x:  4.97117   1.37325   0.28369   0.93166   0.08202   1.59950   0.72154   0.51367   0.10077   0.40179   0.33381   2.04054   3.31122  -1.70141   0.47837  12.76498  22.74465  
 21  0.3560   5876.764185  x:  4.70440   1.40611   0.23845   0.93921   0.06736   1.61422   0.70365   0.49546   0.11253   0.38992   0.28540   2.04140   3.37719  -1.60110   0.48884  12.14452  23.65583  
 22  0.5154   5876.047586  x:  4.76856   1.33463   0.15698   0.93454   0.06010   1.58143   0.64808   0.47843   0.11350   0.38292   0.25158   2.01541   3.63357  -0.89426   0.48148  10.75456  25.32284  
 23  0.4125   5870.144082  x:  4.52207   1.16362   0.09107   0.78427   0.00000   1.41561   0.56318   0.36219   0.07758   0.24889   0.22969   2.05206   4.37116   1.53608   0.48583   6.02997  30.57099  
 24  2.1056   5870.144082  x:  4.52207   1.16362   0.09107   0.78427   0.00000   1.41561   0.56318   0.36219   0.07758   0.24889   0.22969   2.05206   4.37116   1.53608   0.48583   6.02997  30.57099  
 25  6.9605   5868.410876  x:  4.51742   1.17458   0.11003   0.78800   0.05090   1.40931   0.57192   0.38230   0.09332   0.28507   0.25083   2.05765   4.37852   1.53550   0.49532   6.02479  30.57089  
 26 49.2075   5867.993388  x:  4.51187   1.18005   0.12128   0.78771   0.05966   1.40051   0.57228   0.39043   0.08438   0.30284   0.25140   2.06355   4.37390   1.53878   0.47175   6.02071  30.57109  
 27 26.7826   5867.786890  x:  4.50207   1.19088   0.14201   0.78812   0.05018   1.38840   0.57394   0.40118   0.07013   0.31372   0.24867   2.07330   4.36872   1.54373   0.47997   6.01070  30.57145  
 28 12.9944   5867.649475  x:  4.48837   1.19824   0.15909   0.78883   0.03837   1.37515   0.57691   0.40892   0.07966   0.31241   0.25491   2.08574   4.35897   1.55151   0.47968   5.99699  30.57201  
 29 13.6037   5867.465828  x:  4.45696   1.20424   0.18008   0.79568   0.04547   1.35782   0.59028   0.39731   0.08214   0.29805   0.25018   2.11035   4.33656   1.56899   0.48302   5.96398  30.57336  
 30 11.8250   5867.203577  x:  4.39002   1.18321   0.17201   0.80657   0.04047   1.35173   0.60235   0.38551   0.07925   0.31318   0.26096   2.15146   4.30047   1.60312   0.49559   5.88430  30.57622  
 31 10.7063   5866.921237  x:  4.30888   1.16202   0.16406   0.81535   0.04464   1.36424   0.60228   0.41225   0.07993   0.30812   0.24615   2.18844   4.28057   1.63676   0.50208   5.77281  30.57954  
 32 19.1458   5865.995282  x:  4.04008   1.14183   0.19593   0.81532   0.04376   1.44124   0.56310   0.40626   0.06265   0.28766   0.27073   2.25826   4.30062   1.72248   0.49960   5.33496  30.59034  
 33 24.3519   5865.135533  x:  3.80336   1.12500   0.21839   0.79889   0.03078   1.47540   0.54409   0.37690   0.08812   0.30996   0.23346   2.28741   4.33218   1.80243   0.50038   4.90276  30.60056  
 34 71.5337   5858.826143  x:  2.78137   0.99159   0.20947   0.65800   0.02339   1.36137   0.53384   0.34481   0.07236   0.28170   0.21596   2.25314   4.48563   2.21235   0.51276   2.75651  30.64991  
 35 84.6111   5858.194218  x:  2.66348   0.96367   0.21135   0.66047   0.02976   1.32792   0.48132   0.33425   0.07407   0.27863   0.20995   2.25781   4.50537   2.28743   0.51954   2.43734  30.65684  
 36 80.9726   5857.761256  x:  2.65999   0.93292   0.22376   0.68720   0.01907   1.32790   0.50971   0.33291   0.07129   0.27661   0.20877   2.28475   4.55534   2.36928   0.51048   2.24201  30.65959  
 37 10.7807   5857.174846  x:  2.68339   0.93233   0.22014   0.60780   0.02593   1.33585   0.51026   0.33018   0.06998   0.27401   0.20657   2.31183   4.58670   2.50397   0.51232   2.10468  30.66266  
 38  7.1434   5853.133286  x:  2.63698   1.10391   0.08408   0.63030   0.02796   1.25748   0.47564   0.32311   0.06310   0.26665   0.20670   2.14800   4.88861   3.30458   0.49567   1.77161  30.68088  
 39  8.1121   5843.468465  x:  2.46155   0.86201   0.08157   0.52486   0.04835   0.92609   0.36242   0.27548   0.04494   0.22467   0.18197   1.97803   5.68258   4.50571   0.46878   1.44778  30.71408  
 40 32.7683   5838.261814  x:  2.92084   0.77035   0.17927   0.54961   0.05601   0.96235   0.35407   0.28956   0.05216   0.23162   0.19034   1.86895   5.80253   4.91989   0.43480   1.63493  30.76304  
 41  2.2222   5834.493746  x:  3.21251   0.85994   0.05946   0.54788   0.05676   0.87539   0.34279   0.28201   0.05153   0.22337   0.18584   2.03464   6.04216   5.06904   0.39953   1.74960  30.79387  
 42 20.5415   5829.040802  x:  3.50810   0.81402   0.08877   0.55196   0.04551   0.92051   0.40100   0.30224   0.05020   0.23086   0.19422   2.05067   6.12791   5.16847   0.30714   1.40815  30.84951  
 43  1.1802   5823.731221  x:  3.35614   0.70759   0.11125   0.46878   0.03031   0.93163   0.40778   0.27506   0.03772   0.21015   0.17218   2.12088   6.95684   6.80444   0.20302   1.04292  30.86079  
 44  5.4526   5822.175841  x:  3.33328   0.75413   0.13019   0.50508   0.04559   0.93395   0.38887   0.28279   0.04461   0.21981   0.17543   2.19531   7.06572   7.21027   0.18097   0.95321  30.86970  
 45  0.8296   5821.794348  x:  3.24667   0.76058   0.12582   0.50964   0.04912   0.91983   0.38880   0.28450   0.04517   0.22120   0.17814   2.16910   7.13547   7.33452   0.17430   0.99196  30.86927  
 46  0.6432   5821.457621  x:  3.10396   0.73066   0.12119   0.51077   0.05159   0.88123   0.37670   0.28329   0.04777   0.22009   0.17919   2.12050   7.31265   7.62494   0.15951   0.92577  30.86714  
 47  1.0163   5821.341699  x:  3.04985   0.74727   0.10323   0.51445   0.04725   0.89154   0.36934   0.27657   0.04696   0.21822   0.17597   2.10827   7.41507   7.81603   0.14643   0.89173  30.86453  
 48  0.2728   5821.321954  x:  3.03489   0.75086   0.10001   0.50857   0.04579   0.89056   0.37410   0.27776   0.04670   0.21735   0.17602   2.11102   7.43870   7.87474   0.14443   0.88783  30.86495  
 49  0.1249   5821.316246  x:  3.03793   0.75166   0.10062   0.50612   0.04597   0.89009   0.37468   0.27827   0.04661   0.21737   0.17623   2.11371   7.45573   7.90649   0.14066   0.88350  30.86697  
 50  0.0587   5821.314803  x:  3.03930   0.74941   0.10114   0.50679   0.04612   0.89047   0.37402   0.27785   0.04674   0.21750   0.17613   2.11657   7.46377   7.92245   0.13982   0.88434  30.86785  
 51  0.0311   5821.314604  x:  3.03821   0.74916   0.10131   0.50724   0.04597   0.88953   0.37414   0.27772   0.04672   0.21736   0.17607   2.11531   7.46858   7.93223   0.13917   0.88278  30.86862  
 52  0.0148   5821.314563  x:  3.03822   0.74925   0.10103   0.50719   0.04601   0.88966   0.37396   0.27781   0.04675   0.21740   0.17614   2.11459   7.46940   7.93475   0.13897   0.88227  30.86935  
 53  0.0038   5821.314543  x:  3.03874   0.74943   0.10106   0.50703   0.04603   0.88966   0.37392   0.27774   0.04677   0.21742   0.17610   2.11421   7.46813   7.93350   0.13899   0.88244  30.87091  
 54  0.0013   5821.314418  x:  3.04224   0.74956   0.10115   0.50735   0.04600   0.89016   0.37413   0.27797   0.04648   0.21725   0.17629   2.11427   7.45463   7.91936   0.13910   0.88281  30.88758  
 55  0.0032   5821.312590  x:  3.05285   0.74920   0.10179   0.50797   0.04543   0.89145   0.37518   0.27802   0.04746   0.21781   0.17569   2.11523   7.32585   7.79076   0.13903   0.88169  31.06838  
 56  0.0321   5821.292442  x:  3.08299   0.74920   0.10530   0.50913   0.04502   0.89631   0.37759   0.27868   0.04878   0.22000   0.17622   2.11711   6.42840   6.90068   0.13804   0.87566  32.35635  
 57  0.5411   5821.289945  x:  3.08935   0.75029   0.10560   0.51006   0.04495   0.89789   0.37844   0.27909   0.04899   0.22045   0.17646   2.11707   6.24203   6.71708   0.13765   0.87456  32.62269  
 58  3.6297   5821.255450  x:  3.09436   0.76401   0.10255   0.51804   0.04567   0.90642   0.38284   0.28243   0.04804   0.22208   0.17977   2.11264   5.78486   6.29648   0.13273   0.86800  33.29106  
 59  0.5366   5821.239755  x:  3.09255   0.77070   0.10081   0.52151   0.04600   0.90985   0.38379   0.28447   0.04724   0.22193   0.18092   2.11118   5.82943   6.35790   0.13049   0.86593  33.23388  
 60  0.1761   5821.215434  x:  3.14052   0.78387   0.10246   0.53002   0.04545   0.92405   0.38887   0.28944   0.04734   0.22407   0.18353   2.11360   5.38834   5.94883   0.12644   0.85691  33.85195  
 61  0.7483   5821.190926  x:  3.22296   0.79750   0.10454   0.54018   0.04550   0.94329   0.39927   0.29315   0.04894   0.22922   0.18715   2.11556   5.05113   5.63305   0.12359   0.84750  34.28458  
 62  0.3994   5821.180505  x:  3.24038   0.79880   0.10564   0.54160   0.04529   0.94655   0.40075   0.29405   0.04959   0.23006   0.18714   2.11637   5.08643   5.66430   0.12411   0.84779  34.21770  
 63  0.2780   5821.173224  x:  3.27095   0.80808   0.10734   0.54873   0.04486   0.95689   0.40423   0.29936   0.05070   0.23175   0.18745   2.11517   4.93921   5.51951   0.12362   0.84852  34.40159  
 64  0.2944   5821.169510  x:  3.29322   0.81660   0.10774   0.55414   0.04554   0.96543   0.40838   0.30140   0.05101   0.23417   0.19034   2.11425   4.81670   5.41249   0.12156   0.84379  34.57672  
 65  0.2058   5821.168576  x:  3.29574   0.81774   0.10738   0.55467   0.04585   0.96639   0.40895   0.30155   0.05085   0.23451   0.19070   2.11432   4.82130   5.42018   0.12116   0.84292  34.58124  
 66  0.0142   5821.168072  x:  3.31513   0.82218   0.10756   0.55763   0.04568   0.97142   0.41108   0.30313   0.05100   0.23543   0.19136   2.11525   4.76671   5.37147   0.12039   0.84143  34.67566  
 67  0.0770   5821.167704  x:  3.32013   0.82330   0.10798   0.55857   0.04546   0.97291   0.41178   0.30331   0.05145   0.23546   0.19180   2.11458   4.76044   5.36294   0.12063   0.84208  34.74232  
 68  0.0175   5821.165231  x:  3.35516   0.82997   0.11045   0.56442   0.04689   0.98357   0.41715   0.30757   0.05232   0.23979   0.19259   2.11016   4.67387   5.28220   0.11967   0.83804  35.55741  
 69  0.1031   5821.150097  x:  3.41198   0.84621   0.11267   0.57439   0.04525   0.99954   0.42250   0.31160   0.05295   0.24220   0.19775   2.12146   4.56001   5.18177   0.11848   0.83729  37.65733  
 70  0.4355   5821.133919  x:  3.41461   0.84803   0.11209   0.57450   0.04481   0.99971   0.42148   0.31091   0.05268   0.24062   0.19894   2.12874   4.67657   5.29142   0.11973   0.84187  40.12153  
 71  2.8749   5821.076230  x:  3.58151   0.88966   0.11353   0.60272   0.04874   1.04847   0.44372   0.32504   0.05568   0.24925   0.20693   2.12750   4.49680   5.13046   0.11673   0.83723  49.74641  
 72  7.0492   5821.032593  x:  3.65818   0.90817   0.11492   0.61650   0.05024   1.07115   0.45491   0.33299   0.05641   0.25675   0.20977   2.11772   4.60331   5.22820   0.11750   0.83811  59.37461  
 73 10.7504   5821.009658  x:  3.78625   0.93969   0.12021   0.63912   0.05064   1.10886   0.47148   0.34572   0.05801   0.26830   0.21639   2.11430   4.52811   5.16345   0.11618   0.83374  68.43238  
 74 17.2298   5820.993971  x:  3.94201   0.97696   0.12795   0.66472   0.05300   1.15533   0.48991   0.36026   0.06106   0.27875   0.22518   2.12005   4.56361   5.20225   0.11625   0.83290  83.05394  
 75  9.0584   5820.989024  x:  4.03963   1.00079   0.13118   0.68089   0.05444   1.18382   0.50196   0.36881   0.06279   0.28508   0.23071   2.12161   4.54204   5.17849   0.11651   0.83441  90.47466  
 76 10.6802   5820.986244  x:  4.16884   1.03307   0.13455   0.70252   0.05604   1.22108   0.51809   0.37995   0.06471   0.29401   0.23844   2.12010   4.55812   5.18240   0.11785   0.83894  101.67096  
 77  7.5856   5820.984985  x:  4.28064   1.06137   0.13793   0.72140   0.05763   1.25397   0.53176   0.39027   0.06643   0.30169   0.24500   2.11930   4.54956   5.18272   0.11672   0.83488  111.10509  
 78  6.2817   5820.984699  x:  4.33760   1.07546   0.13967   0.73101   0.05840   1.27055   0.53884   0.39555   0.06722   0.30586   0.24820   2.12000   4.55304   5.18585   0.11686   0.83534  116.03457  
 79  4.0388   5820.984559  x:  4.39846   1.09039   0.14159   0.74129   0.05921   1.28826   0.54646   0.40115   0.06810   0.31030   0.25156   2.12040   4.55132   5.18271   0.11707   0.83616  121.04365  
 80  4.4278   5820.984510  x:  4.45087   1.10337   0.14332   0.75014   0.05997   1.30372   0.55299   0.40597   0.06898   0.31390   0.25451   2.11986   4.55130   5.18331   0.11689   0.83560  125.48783  
 81  2.2914   5820.984492  x:  4.46195   1.10612   0.14378   0.75204   0.06007   1.30702   0.55439   0.40696   0.06917   0.31471   0.25518   2.12016   4.55013   5.18207   0.11699   0.83586  126.33863  
 82  0.3495   5820.984427  x:  4.53234   1.12354   0.14633   0.76395   0.06088   1.32780   0.56318   0.41326   0.07036   0.31962   0.25928   2.12036   4.54657   5.17833   0.11698   0.83591  131.80754  
 83  0.6837   5820.984151  x:  4.60485   1.14177   0.14845   0.77620   0.06175   1.34909   0.57231   0.41970   0.07151   0.32464   0.26342   2.11914   4.52262   5.15886   0.11619   0.83405  135.22454  
 84  0.4273   5820.983937  x:  4.56075   1.13093   0.14680   0.76874   0.06118   1.33606   0.56684   0.41565   0.07077   0.32152   0.26086   2.11905   4.51416   5.15158   0.11602   0.83368  130.36077  
 85  8.7209   5820.983746  x:  4.55322   1.12909   0.14636   0.76749   0.06106   1.33375   0.56593   0.41497   0.07060   0.32098   0.26033   2.11985   4.49758   5.13578   0.11603   0.83382  127.61310  
 86  3.8928   5820.983681  x:  4.58204   1.13620   0.14727   0.77238   0.06145   1.34217   0.56951   0.41765   0.07104   0.32301   0.26191   2.12034   4.49185   5.12992   0.11611   0.83406  129.31667  
 87  3.4423   5820.983669  x:  4.58141   1.13603   0.14723   0.77234   0.06145   1.34197   0.56941   0.41768   0.07103   0.32292   0.26183   2.12051   4.48637   5.12452   0.11611   0.83403  128.58198  
 88  0.6779   5820.983665  x:  4.56953   1.13306   0.14691   0.77041   0.06129   1.33852   0.56790   0.41669   0.07086   0.32207   0.26116   2.12039   4.48820   5.12614   0.11612   0.83404  127.85805  
 89  0.2986   5820.983663  x:  4.56086   1.13093   0.14664   0.76898   0.06116   1.33599   0.56683   0.41590   0.07073   0.32147   0.26069   2.12040   4.48800   5.12615   0.11610   0.83403  127.19169  
 90  0.2065   5820.983662  x:  4.54987   1.12821   0.14627   0.76711   0.06101   1.33277   0.56548   0.41487   0.07055   0.32070   0.26006   2.12043   4.48791   5.12606   0.11610   0.83403  126.28873  
 91  0.6803   5820.983662  x:  4.55009   1.12826   0.14627   0.76712   0.06102   1.33283   0.56551   0.41488   0.07055   0.32072   0.26006   2.12041   4.48801   5.12607   0.11611   0.83403  126.30596  
 92  0.0127   5820.983662  x:  4.54920   1.12803   0.14624   0.76696   0.06101   1.33257   0.56539   0.41480   0.07054   0.32065   0.26001   2.12042   4.48806   5.12610   0.11611   0.83404  126.23946  
 93  0.0471   5820.983662  x:  4.54906   1.12800   0.14624   0.76694   0.06101   1.33253   0.56537   0.41478   0.07054   0.32064   0.26000   2.12042   4.48805   5.12609   0.11611   0.83404  126.22770  
 94  0.0294   5820.983662  x:  4.54917   1.12803   0.14624   0.76696   0.06101   1.33256   0.56539   0.41479   0.07054   0.32065   0.26001   2.12042   4.48803   5.12608   0.11611   0.83404  126.23504  
 95  0.0096   5820.983662  x:  4.54917   1.12803   0.14624   0.76696   0.06101   1.33256   0.56539   0.41479   0.07054   0.32065   0.26001   2.12042   4.48803   5.12608   0.11611   0.83404  126.23529  
 96  0.0002   5820.983662  x:  4.54917   1.12803   0.14624   0.76696   0.06101   1.33256   0.56539   0.41479   0.07054   0.32065   0.26001   2.12042   4.48803   5.12608   0.11611   0.83404  126.23529  
 97  0.0022   5820.983662  x:  4.54917   1.12803   0.14624   0.76696   0.06101   1.33256   0.56539   0.41479   0.07054   0.32065   0.26001   2.12042   4.48803   5.12608   0.11611   0.83404  126.23529  
 98  0.0004   5820.983662  x:  4.54917   1.12803   0.14624   0.76696   0.06101   1.33256   0.56539   0.41479   0.07054   0.32065   0.26001   2.12042   4.48803   5.12608   0.11611   0.83404  126.23529  