

TREE # 1

  0  0.0000   5971.205910  x:  1.38518   0.53589   0.04265   0.33893   0.00000   0.48788   0.25380   0.18376   0.07697   0.13894   0.15743   3.00000   1.47906   0.00524   0.29462  11.03867  
  1 99.0000   5928.776476  x:  1.43849   0.60392   0.16331   0.39737   0.21802   0.60496   0.34928   0.24944   0.11053   0.19323   0.17259   2.96851   1.46782   0.02366   0.27248  11.03767  
  2 429.2317   5904.262798  x:  1.63274   0.67164   0.23216   0.44796   0.11537   0.82983   0.42045   0.30661   0.06682   0.20794   0.15376   2.86409   1.41628   0.10166   0.42404  11.03457  
  3 150.5322   5888.938305  x:  1.82505   0.70272   0.24788   0.49202   0.00000   0.96994   0.42730   0.37047   0.11500   0.22940   0.22818   2.75013   1.38503   0.16876   0.34401  11.03061  
  4 182.9107   5888.938305  x:  1.82505   0.70272   0.24788   0.49202   0.00000   0.96994   0.42730   0.37047   0.11500   0.22940   0.22818   2.75013   1.38503   0.16876   0.34401  11.03061  
  5 203.5645   5881.271952  x:  1.85379   0.69627   0.22713   0.49668   0.01054   0.95406   0.41119   0.35270   0.05661   0.21210   0.16826   2.72767   1.37961   0.18409   0.30014  11.02993  
  6 124.3645   5872.911599  x:  2.00222   0.66595   0.13005   0.50602   0.03980   0.87971   0.33505   0.33183   0.10737   0.18081   0.16141   2.61123   1.34231   0.27856   0.24038  11.02490  
  7 76.0754   5866.462110  x:  2.15342   0.65598   0.06347   0.50898   0.06681   0.81640   0.28982   0.30511   0.10224   0.17912   0.15036   2.49020   1.29482   0.38621   0.29023  11.01960  
  8 210.5557   5854.887243  x:  2.49980   0.71839   0.05820   0.50240   0.10403   0.73156   0.33736   0.27433   0.05550   0.25845   0.21585   2.19567   1.19121   0.64334   0.24361  11.00555  
  9 157.1554   5845.809374  x:  2.77891   0.78420   0.09665   0.48163   0.04151   0.75466   0.40648   0.30242   0.09200   0.21332   0.16396   1.96138   1.10140   0.87841   0.22732  10.99169  
 10 164.5149   5843.239517  x:  2.86799   0.77315   0.08120   0.48598   0.02626   0.85931   0.38294   0.32925   0.06054   0.19897   0.19568   1.92012   1.07600   0.99347   0.21556  10.98311  
 11 49.3259   5842.064436  x:  2.91279   0.76809   0.08231   0.49618   0.05747   0.91769   0.37157   0.35063   0.06746   0.22231   0.18023   1.91865   1.06838   1.07011   0.20885  10.97664  
 12 59.6622   5840.690339  x:  2.96741   0.75933   0.10041   0.50582   0.02896   0.92331   0.34660   0.36157   0.06782   0.25550   0.16953   1.98798   1.08320   1.21815   0.19615  10.96230  
 13 27.0846   5836.952782  x:  3.12183   0.73699   0.15820   0.54029   0.05075   0.91213   0.34993   0.38531   0.05466   0.22029   0.18305   2.22225   1.15065   1.67848   0.16999  10.91635  
 14 103.9241   5836.013496  x:  3.15899   0.71145   0.12746   0.52202   0.04553   0.92081   0.39527   0.37410   0.05703   0.22802   0.17937   2.27599   1.20521   1.80225   0.16368  10.90169  
 15 40.8825   5834.143722  x:  3.21929   0.77530   0.10963   0.43702   0.05787   0.95338   0.37798   0.33163   0.06196   0.22463   0.17839   2.31527   1.49089   2.04971   0.16117  10.86015  
 16 21.7629   5829.512248  x:  3.35247   0.89886   0.02821   0.50139   0.03978   0.98604   0.38671   0.39621   0.04199   0.22965   0.17431   2.33484   2.34570   2.67170   0.17540  10.74456  
 17 68.3262   5828.148447  x:  3.37687   0.87349   0.05927   0.56208   0.03040   1.01357   0.38688   0.32810   0.05322   0.22686   0.17345   2.31161   2.60690   2.86211   0.18106  10.70987  
 18 50.1216   5826.320583  x:  3.35583   0.70010   0.17378   0.53602   0.03861   1.00315   0.36675   0.34383   0.04274   0.22435   0.17294   2.21536   2.98735   3.16247   0.18728  10.65709  
 19 32.4602   5825.339680  x:  3.12460   0.70212   0.15904   0.54251   0.03877   0.98022   0.35652   0.32238   0.04427   0.22472   0.17230   2.08454   3.10531   3.46506   0.17415  10.62202  
 20  7.6328   5823.237150  x:  3.00070   0.72800   0.11853   0.50944   0.04687   0.89076   0.37788   0.27683   0.04713   0.21375   0.17881   2.09264   3.71275   3.88689   0.17403  10.47617  
 21  0.6985   5822.627612  x:  3.04552   0.75538   0.10263   0.50041   0.04685   0.87027   0.38019   0.30168   0.04574   0.21640   0.17474   2.14509   4.15667   4.31730   0.18073  10.57144  
 22  0.4316   5822.169972  x:  3.10334   0.75043   0.10429   0.50899   0.04688   0.89179   0.37398   0.27638   0.04387   0.22014   0.17302   2.16725   4.86005   5.03345   0.18441  10.54236  
 23  0.7333   5821.880559  x:  3.08889   0.73623   0.11080   0.50983   0.04886   0.90190   0.37116   0.27864   0.04993   0.21716   0.17664   2.13084   5.58990   5.78544   0.17479  10.62358  
 24  0.5651   5821.741739  x:  3.05034   0.74897   0.10205   0.50513   0.04705   0.88712   0.37550   0.27768   0.04354   0.21615   0.17578   2.12490   6.41997   6.60050   0.18066  10.65752  
 25  0.5928   5821.680926  x:  3.09086   0.74338   0.11201   0.50746   0.04666   0.89550   0.37619   0.27880   0.04644   0.21848   0.17517   2.15223   7.20052   7.37882   0.17938  10.73774  
 26  0.5424   5821.651694  x:  3.05143   0.74500   0.10613   0.50747   0.04730   0.89378   0.37462   0.27705   0.04654   0.21751   0.17605   2.13128   8.10174   8.28663   0.17930  10.79951  
 27  0.5571   5821.640518  x:  3.07227   0.74330   0.10884   0.50653   0.04722   0.89348   0.37523   0.27893   0.04488   0.21696   0.17536   2.14092   8.88833   9.06905   0.17896  10.86315  
 28  0.5416   5821.635457  x:  3.07233   0.74536   0.10764   0.50734   0.04690   0.89315   0.37507   0.27738   0.04662   0.21785   0.17573   2.14006   9.71195   9.89240   0.17989  10.92676  
 29  0.5957   5821.633022  x:  3.06885   0.74464   0.10717   0.50719   0.04734   0.89353   0.37488   0.27820   0.04578   0.21744   0.17556   2.13692  10.43635  10.61991   0.17894  10.98385  
 30  0.5069   5821.631835  x:  3.07131   0.74406   0.10833   0.50693   0.04712   0.89309   0.37511   0.27777   0.04596   0.21739   0.17572   2.13957  11.54679  11.72748   0.17957  11.06943  
 31  0.5379   5821.631428  x:  3.06899   0.74508   0.10733   0.50726   0.04714   0.89363   0.37503   0.27808   0.04596   0.21759   0.17556   2.13833  12.28073  12.46301   0.17923  11.12810  
 32  0.5190   5821.631256  x:  3.06923   0.74395   0.10810   0.50695   0.04720   0.89331   0.37504   0.27787   0.04590   0.21739   0.17568   2.13848  13.20603  13.38792   0.17932  11.19918  
 33  0.4893   5821.631177  x:  3.06977   0.74489   0.10757   0.50719   0.04713   0.89348   0.37504   0.27802   0.04596   0.21753   0.17561   2.13870  14.00392  14.18568   0.17934  11.26235  
 34  0.5179   5821.631144  x:  3.06948   0.74434   0.10779   0.50706   0.04719   0.89338   0.37503   0.27792   0.04593   0.21747   0.17563   2.13840  14.94828  15.13039   0.17927  11.33552  
 35  0.5047   5821.631131  x:  3.06976   0.74466   0.10769   0.50714   0.04715   0.89342   0.37503   0.27799   0.04595   0.21749   0.17563   2.13860  15.71122  15.89304   0.17934  11.39548  
 36  0.4832   5821.631125  x:  3.06955   0.74452   0.10772   0.50710   0.04717   0.89341   0.37504   0.27794   0.04594   0.21750   0.17562   2.13853  16.66381  16.84580   0.17929  11.46957  
 37  0.4936   5821.631123  x:  3.06957   0.74455   0.10774   0.50711   0.04716   0.89342   0.37503   0.27798   0.04594   0.21748   0.17563   2.13853  17.40241  17.58431   0.17932  11.52745  
 38  0.4981   5821.631122  x:  3.06963   0.74459   0.10770   0.50711   0.04716   0.89342   0.37504   0.27795   0.04594   0.21749   0.17562   2.13858  18.48879  18.67071   0.17931  11.61214  
 39  0.5575   5821.631121  x:  3.06958   0.74453   0.10773   0.50710   0.04716   0.89341   0.37504   0.27797   0.04594   0.21749   0.17563   2.13852  20.45434  20.63627   0.17931  11.76564  
 40  1.0676   5821.631121  x:  3.06958   0.74453   0.10773   0.50710   0.04716   0.89341   0.37504   0.27797   0.04594   0.21749   0.17563   2.13852  20.45386  20.63579   0.17931  11.76561  
 41  2.7774   5821.631121  x:  3.06963   0.74455   0.10772   0.50711   0.04716   0.89342   0.37504   0.27797   0.04594   0.21749   0.17563   2.13855  20.48152  20.66344   0.17931  11.76778  
 42  0.2419   5821.631121  x:  3.06961   0.74456   0.10772   0.50711   0.04716   0.89342   0.37504   0.27797   0.04594   0.21749   0.17563   2.13855  20.48155  20.66347   0.17931  11.76777  
 43  0.0001   5821.631121  x:  3.06960   0.74456   0.10772   0.50711   0.04716   0.89342   0.37504   0.27797   0.04594   0.21749   0.17563   2.13855  20.48154  20.66346   0.17931  11.76777  
 44  0.0000   5821.631121  x:  3.06960   0.74456   0.10772   0.50711   0.04716   0.89342   0.37504   0.27797   0.04594   0.21749   0.17563   2.13855  20.48154  20.66345   0.17931  11.76777  