

TREE # 1

  0  0.0000   6004.928296  x:  1.36759   0.52586   0.05742   0.33214   0.00000   0.47920   0.24328   0.17865   0.06346   0.14272   0.15712   3.00000   0.90000   0.28281   1.86539   1.05000  
  1 99.0000   5906.197620  x:  1.40164   0.55117   0.10100   0.35360   0.13305   0.54168   0.28363   0.18331   0.02078   0.14531   0.11372   2.97852   0.59318   0.48467   1.83842   1.06398  
  2 697.9177   5887.567161  x:  1.44005   0.57065   0.13022   0.37138   0.13688   0.59957   0.31441   0.24208   0.11102   0.17531   0.18069   2.95792   0.53457   0.52565   1.83261   1.06780  
  3 349.2176   5856.841431  x:  1.65988   0.66969   0.24683   0.46316   0.00000   0.85719   0.41501   0.28383   0.04440   0.25483   0.17583   2.84918   0.52274   0.55867   1.82517   1.04590  
  4 168.2702   5844.598548  x:  1.90275   0.68320   0.21174   0.53094   0.04019   0.94220   0.38709   0.25999   0.06973   0.15114   0.17639   2.71678   0.55419   0.57690   1.81475   1.00000  
  5 91.6765   5832.437100  x:  2.24537   0.65982   0.08909   0.55929   0.02870   0.94481   0.28554   0.23508   0.07731   0.21232   0.18672   2.51434   0.55808   0.63173   1.79088   1.00000  
  6 149.5145   5826.011156  x:  2.47818   0.69193   0.06139   0.52235   0.08148   0.85442   0.32341   0.30939   0.05776   0.24985   0.16326   2.35136   0.59651   0.65476   1.77119   1.00000  
  7 105.5081   5822.235115  x:  2.60961   0.72927   0.07663   0.45995   0.04561   0.76605   0.36344   0.29207   0.05314   0.22496   0.19257   2.24410   0.59686   0.69042   1.74923   1.00000  
  8 90.3275   5822.019541  x:  2.61224   0.73259   0.08159   0.45353   0.04739   0.76449   0.36888   0.27848   0.06661   0.23107   0.18063   2.22917   0.60242   0.69559   1.74224   1.00000  
  9 16.0332   5821.194849  x:  2.55002   0.71824   0.08837   0.42537   0.05308   0.79676   0.35733   0.28131   0.06186   0.22936   0.18427   2.08234   0.65900   0.76500   1.64256   1.00000  
 10  8.7755   5820.860143  x:  2.52277   0.71463   0.08963   0.46093   0.04306   0.78631   0.36191   0.28400   0.06422   0.22775   0.18025   2.02262   0.67812   0.79433   1.58411   1.00000  
 11 19.2478   5820.803328  x:  2.52119   0.71751   0.09096   0.46651   0.04789   0.78554   0.36319   0.27908   0.06163   0.23132   0.18643   2.01739   0.68190   0.79503   1.56735   1.00000  
 12  8.7952   5819.749039  x:  2.54797   0.77382   0.07569   0.47007   0.05149   0.80333   0.34963   0.28329   0.06223   0.23228   0.18444   2.02163   0.69573   0.77141   1.18035   1.00000  
 13  9.9651   5819.587025  x:  2.55484   0.76415   0.06466   0.46864   0.05117   0.81007   0.36605   0.28078   0.06116   0.23200   0.18587   2.02310   0.69632   0.76474   1.11407   1.00000  
 14 25.9313   5819.392833  x:  2.57434   0.71820   0.10136   0.46964   0.05330   0.81047   0.36282   0.28151   0.05963   0.23225   0.18497   2.02143   0.68894   0.74145   1.04843   1.00000  
 15  6.2611   5819.074460  x:  2.57624   0.72729   0.09443   0.47030   0.05235   0.81340   0.36364   0.28070   0.05919   0.23130   0.18459   2.01500   0.67962   0.72785   1.05950   1.09047  
 16  5.0465   5817.892044  x:  2.65948   0.73800   0.09327   0.47764   0.04857   0.81532   0.36914   0.28030   0.05479   0.23183   0.18380   2.15392   0.80113   0.92096   1.13792   1.32094  
 17  4.6841   5815.983138  x:  2.85704   0.75761   0.09393   0.50135   0.03530   0.87556   0.37877   0.26787   0.03665   0.21578   0.17280   2.16965   0.75647   0.82719   1.18664   1.24730  
 18  0.8788   5815.341661  x:  3.02744   0.77180   0.09677   0.51783   0.04076   0.91648   0.38642   0.27998   0.05053   0.21627   0.17556   2.20159   0.77108   0.90078   1.29264   1.33706  
 19  0.2724   5815.126335  x:  3.10581   0.79160   0.08614   0.51912   0.04362   0.91672   0.38206   0.27950   0.04625   0.21674   0.17452   2.16928   0.80153   0.91354   1.19159   1.38639  
 20  0.2551   5815.004364  x:  3.17425   0.79143   0.08328   0.51800   0.04537   0.91306   0.38118   0.27992   0.04431   0.21823   0.17679   2.14553   0.78109   0.86948   1.15639   1.37718  
 21  0.1219   5814.945662  x:  3.22277   0.78424   0.08523   0.51687   0.04407   0.91071   0.38360   0.27904   0.04299   0.21947   0.17812   2.14869   0.79718   0.88309   1.17395   1.43815  
 22  0.0702   5814.818090  x:  3.27887   0.79271   0.08576   0.52070   0.04045   0.91724   0.38473   0.27842   0.04590   0.22072   0.17588   2.17431   0.82571   0.84851   0.99659   1.54431  
 23  0.0694   5814.498570  x:  3.27996   0.80017   0.08862   0.52446   0.03694   0.92949   0.38647   0.28100   0.04931   0.22098   0.17554   2.19496   0.86161   0.70505   0.70042   1.69770  
 24  0.1212   5814.357276  x:  3.24797   0.79881   0.08871   0.52336   0.03720   0.92955   0.38709   0.28202   0.04922   0.22019   0.17704   2.18799   0.87504   0.67705   0.69257   1.73386  
 25  0.1004   5814.295699  x:  3.23450   0.79783   0.08714   0.52201   0.03798   0.92675   0.38738   0.28203   0.04799   0.21989   0.17848   2.17999   0.89857   0.65906   0.63053   1.79170  
 26  0.2569   5814.273942  x:  3.20704   0.79289   0.08421   0.51872   0.03980   0.91709   0.38595   0.28067   0.04652   0.21926   0.17895   2.16500   0.89881   0.64849   0.61481   1.78520  
 27  0.0465   5814.271983  x:  3.20184   0.79210   0.08372   0.51843   0.03980   0.91529   0.38564   0.28032   0.04670   0.21888   0.17871   2.16487   0.89915   0.65478   0.62527   1.78727  
 28  0.0163   5814.270183  x:  3.19861   0.79232   0.08347   0.51890   0.03950   0.91486   0.38548   0.28005   0.04727   0.21832   0.17831   2.16749   0.90253   0.64909   0.61180   1.81068  
 29  0.0139   5814.268202  x:  3.20289   0.79320   0.08377   0.51957   0.03969   0.91635   0.38569   0.28034   0.04701   0.21845   0.17870   2.16780   0.90206   0.64949   0.61267   1.83108  
 30  0.0097   5814.267879  x:  3.20249   0.79327   0.08390   0.51926   0.03976   0.91657   0.38595   0.28034   0.04685   0.21869   0.17870   2.16591   0.90330   0.64934   0.61046   1.83803  
 31  0.0070   5814.267866  x:  3.20144   0.79321   0.08400   0.51914   0.03970   0.91662   0.38602   0.28032   0.04687   0.21870   0.17864   2.16572   0.90323   0.64941   0.61063   1.83793  
 32  0.0010   5814.267866  x:  3.20134   0.79319   0.08402   0.51914   0.03970   0.91663   0.38603   0.28033   0.04687   0.21870   0.17865   2.16575   0.90323   0.64942   0.61062   1.83790  
 33  0.0001   5814.267866  x:  3.20134   0.79319   0.08402   0.51914   0.03970   0.91663   0.38603   0.28033   0.04687   0.21870   0.17865   2.16575   0.90323   0.64941   0.61062   1.83788  
 34  0.0000   5814.267866  x:  3.20134   0.79319   0.08402   0.51914   0.03970   0.91663   0.38603   0.28033   0.04687   0.21870   0.17865   2.16575   0.90323   0.64942   0.61063   1.83788  
 35  0.0000   5814.267866  x:  3.20134   0.79319   0.08402   0.51914   0.03970   0.91663   0.38603   0.28033   0.04687   0.21870   0.17865   2.16575   0.90323   0.64942   0.61063   1.83788  
 36  0.0000   5814.267866  x:  3.20134   0.79319   0.08402   0.51914   0.03970   0.91663   0.38603   0.28033   0.04687   0.21870   0.17865   2.16575   0.90323   0.64942   0.61063   1.83788  
 37  0.0000   5814.267866  x:  3.20134   0.79319   0.08402   0.51914   0.03970   0.91663   0.38603   0.28033   0.04687   0.21870   0.17865   2.16575   0.90323   0.64942   0.61063   1.83788  