

TREE # 1

  0  0.0000   5951.788888  x:  1.36114   0.51052   0.06610   0.32745   0.00000   0.47981   0.26055   0.19193   0.06784   0.14311   0.16228   3.00000   1.32078   0.10911   0.21280   2.72750  
  1 99.0000   5914.979129  x:  1.41848   0.57780   0.16769   0.38796   0.24763   0.60262   0.34226   0.24009   0.06534   0.18407   0.14767   2.96656   1.30044   0.13376   0.25979   2.72531  
  2 403.9431   5890.963802  x:  1.60592   0.64672   0.22457   0.43767   0.14496   0.81547   0.39301   0.29281   0.09313   0.22128   0.22771   2.86829   1.24575   0.20291   0.37648   2.71843  
  3 153.6744   5874.113095  x:  1.77767   0.69512   0.25349   0.48517   0.07226   0.95752   0.41205   0.28362   0.01366   0.22838   0.17135   2.77123   1.20392   0.25913   0.33738   2.71211  
  4 216.2627   5864.245594  x:  1.91927   0.72079   0.25846   0.52215   0.04120   1.03788   0.41354   0.29107   0.05801   0.22692   0.14711   2.68498   1.17053   0.30720   0.24041   2.70555  
  5 251.5770   5847.661007  x:  2.30625   0.70200   0.14205   0.57169   0.11261   1.00195   0.30230   0.21960   0.08442   0.14765   0.15156   2.41978   1.03168   0.50223   0.24300   2.68106  
  6 100.2780   5840.011460  x:  2.52408   0.68742   0.07084   0.56899   0.14677   0.92742   0.26953   0.23868   0.05818   0.23461   0.18339   2.25880   0.94507   0.62764   0.21644   2.66344  
  7 197.8828   5835.147563  x:  2.65921   0.70137   0.07015   0.52165   0.14360   0.82379   0.33451   0.30187   0.05535   0.22156   0.15431   2.14752   0.87783   0.73315   0.21696   2.64531  
  8 96.9553   5833.843883  x:  2.69199   0.71623   0.09576   0.49477   0.14373   0.79161   0.36375   0.28137   0.04652   0.21210   0.18329   2.11678   0.85680   0.77473   0.19952   2.63598  
  9 56.7470   5833.470147  x:  2.69522   0.71819   0.10969   0.47872   0.14144   0.78656   0.36602   0.26195   0.05646   0.22394   0.17322   2.11092   0.84682   0.80222   0.20194   2.62795  
 10 23.3619   5832.578993  x:  2.66791   0.68984   0.13840   0.43389   0.14269   0.81276   0.33783   0.27447   0.05128   0.21721   0.17274   2.11496   0.81103   0.94176   0.18390   2.57874  
 11 15.5591   5831.736949  x:  2.62923   0.64671   0.13746   0.46431   0.13424   0.82674   0.36507   0.26564   0.05016   0.21620   0.17326   2.12681   0.78574   1.10496   0.16887   2.51308  
 12 27.3291   5831.347598  x:  2.61319   0.66043   0.15449   0.50071   0.12446   0.81465   0.35201   0.27027   0.04938   0.21712   0.17306   2.13445   0.79143   1.18671   0.16449   2.47089  
 13 22.6076   5829.682284  x:  2.61564   0.80201   0.05306   0.48826   0.12225   0.83617   0.36277   0.26762   0.04820   0.21599   0.17179   2.16867   1.05911   1.51881   0.15616   2.17562  
 14 10.6640   5823.523718  x:  2.85122   0.69509   0.14156   0.48955   0.09041   0.84903   0.37088   0.28203   0.03530   0.22214   0.17060   2.19319   2.37887   2.54298   0.17250   1.00000  
 15 28.0077   5823.302427  x:  2.80626   0.69629   0.14261   0.49381   0.08419   0.86121   0.36875   0.28168   0.03566   0.22163   0.17016   2.09507   2.44275   2.57774   0.17672   1.00000  
 16  2.9579   5822.091432  x:  2.94239   0.72847   0.13379   0.50543   0.04248   0.89498   0.38073   0.27932   0.04680   0.22093   0.17531   2.13969   2.56919   2.74306   0.18341   1.00000  
 17  0.3830   5821.876431  x:  3.06886   0.74608   0.10155   0.50712   0.04675   0.89084   0.37441   0.27539   0.04697   0.21538   0.17636   2.13570   2.77160   2.96603   0.17694   1.00000  
 18  0.2157   5821.824988  x:  3.11080   0.74665   0.10716   0.50594   0.04541   0.89344   0.37228   0.27900   0.04530   0.21923   0.17429   2.13918   3.11551   3.27477   0.18086   1.00000  
 19  0.1475   5821.747972  x:  3.11931   0.74382   0.11365   0.50885   0.05055   0.89707   0.37664   0.27914   0.04536   0.21889   0.17629   2.14253   3.75626   3.96557   0.17485   1.00000  
 20  0.2544   5821.701976  x:  3.09958   0.74286   0.10951   0.50998   0.04853   0.90054   0.37714   0.27913   0.04625   0.21730   0.17699   2.13547   4.35211   4.52597   0.18230   1.00000  
 21  0.3335   5821.662762  x:  3.07021   0.74834   0.10673   0.50899   0.04472   0.89978   0.37581   0.27780   0.04584   0.21742   0.17416   2.14002   5.07931   5.25985   0.17891   1.00000  
 22  0.4649   5821.645737  x:  3.06067   0.74488   0.10663   0.50564   0.04861   0.89092   0.37443   0.27785   0.04576   0.21724   0.17557   2.13977   5.70095   5.88435   0.17925   1.00000  
 23  0.5508   5821.638385  x:  3.06870   0.74351   0.10830   0.50783   0.04567   0.89269   0.37523   0.27780   0.04610   0.21761   0.17607   2.13641   6.45901   6.64025   0.17944   1.00000  
 24  0.4234   5821.633944  x:  3.07031   0.74443   0.10781   0.50650   0.04796   0.89341   0.37464   0.27796   0.04608   0.21763   0.17528   2.13987   7.40238   7.58185   0.17920   1.00000  
 25  0.4931   5821.632347  x:  3.07002   0.74461   0.10772   0.50727   0.04696   0.89359   0.37520   0.27811   0.04579   0.21736   0.17578   2.13804   8.17422   8.35878   0.17929   1.00000  
 26  0.5237   5821.631615  x:  3.06962   0.74477   0.10763   0.50726   0.04717   0.89352   0.37510   0.27772   0.04605   0.21758   0.17557   2.13875   9.16783   9.34737   0.17942   1.00000  
 27  0.5170   5821.631331  x:  3.06939   0.74448   0.10771   0.50699   0.04720   0.89329   0.37494   0.27817   0.04588   0.21745   0.17562   2.13857   9.96581  10.14876   0.17925   1.00000  
 28  0.5322   5821.631212  x:  3.06969   0.74453   0.10779   0.50715   0.04711   0.89346   0.37510   0.27779   0.04598   0.21752   0.17566   2.13843  10.83722  11.01880   0.17935   1.00000  
 29  0.4860   5821.631159  x:  3.06960   0.74459   0.10767   0.50711   0.04719   0.89343   0.37500   0.27808   0.04593   0.21747   0.17560   2.13864  11.67852  11.86041   0.17930   1.00000  
 30  0.5110   5821.631137  x:  3.06961   0.74454   0.10776   0.50710   0.04715   0.89340   0.37505   0.27790   0.04594   0.21750   0.17564   2.13849  12.58111  12.76317   0.17932   1.00000  
 31  0.5050   5821.631128  x:  3.06960   0.74458   0.10769   0.50713   0.04716   0.89344   0.37503   0.27800   0.04594   0.21748   0.17562   2.13858  13.35013  13.53192   0.17931   1.00000  
 32  0.4703   5821.631124  x:  3.06960   0.74454   0.10774   0.50709   0.04716   0.89340   0.37504   0.27794   0.04594   0.21749   0.17563   2.13853  14.30209  14.48412   0.17931   1.00000  
 33  0.4793   5821.631122  x:  3.06961   0.74457   0.10771   0.50712   0.04716   0.89343   0.37503   0.27798   0.04594   0.21748   0.17562   2.13856  15.68071  15.86255   0.17931   1.00000  
 34  0.6745   5821.631121  x:  3.06960   0.74455   0.10773   0.50710   0.04716   0.89341   0.37504   0.27796   0.04594   0.21749   0.17563   2.13854  16.38101  16.56296   0.17931   1.00000  
 35  0.5241   5821.631121  x:  3.06960   0.74455   0.10773   0.50710   0.04716   0.89341   0.37504   0.27796   0.04594   0.21749   0.17563   2.13854  16.47978  16.66175   0.17931   1.00000  
 36 11.0251   5821.631121  x:  3.06960   0.74456   0.10772   0.50711   0.04716   0.89341   0.37504   0.27796   0.04594   0.21749   0.17563   2.13854  16.38308  16.56502   0.17931   1.00000  
 37  0.1391   5821.631121  x:  3.06960   0.74456   0.10772   0.50711   0.04716   0.89342   0.37504   0.27797   0.04594   0.21749   0.17563   2.13855  16.38363  16.56554   0.17931   1.00000  
 38  0.0003   5821.631121  x:  3.06960   0.74456   0.10772   0.50711   0.04716   0.89342   0.37504   0.27797   0.04594   0.21749   0.17563   2.13855  16.38370  16.56562   0.17931   1.00000  
 39  0.0001   5821.631121  x:  3.06960   0.74456   0.10772   0.50711   0.04716   0.89342   0.37504   0.27797   0.04594   0.21749   0.17563   2.13855  16.38370  16.56561   0.17931   1.00000  