

TREE # 1

  0  0.0000   5961.895151  x:  1.34443   0.50537   0.05140   0.34387   0.00000   0.48451   0.26366   0.17948   0.05800   0.13713   0.14688   3.00000   0.75887   0.11965  
  1 99.0000   5911.883963  x:  1.37288   0.53450   0.10329   0.36186   0.14081   0.53629   0.29264   0.19560   0.04457   0.15192   0.13410   2.98367   0.62974   0.27550  
  2 599.4526   5887.809535  x:  1.45820   0.59265   0.18386   0.40393   0.15791   0.66656   0.35549   0.28687   0.11550   0.21476   0.21214   2.93884   0.56682   0.25177  
  3 253.3045   5862.150463  x:  1.63467   0.67129   0.26512   0.46624   0.09450   0.85384   0.41333   0.28367   0.01523   0.23818   0.15694   2.84902   0.47659   0.18884  
  4 211.6946   5852.326156  x:  1.78892   0.68184   0.24650   0.48838   0.01470   0.91840   0.39243   0.25082   0.06191   0.18938   0.14908   2.76777   0.40068   0.21190  
  5 136.5386   5838.720540  x:  2.16875   0.65563   0.11786   0.53969   0.10574   0.93542   0.30415   0.21588   0.05883   0.17036   0.20081   2.54179   0.36884   0.15163  
  6 107.9990   5832.786314  x:  2.36609   0.65329   0.06486   0.52925   0.11015   0.88822   0.28906   0.28217   0.06202   0.21493   0.15202   2.41265   0.38320   0.16748  
  7 128.7271   5827.023114  x:  2.58346   0.70488   0.09590   0.47608   0.10637   0.78097   0.35566   0.27453   0.04863   0.21896   0.17660   2.25050   0.45411   0.21664  
  8 92.0908   5826.882407  x:  2.58594   0.70554   0.10098   0.47010   0.11303   0.78194   0.35827   0.27458   0.05559   0.21073   0.16777   2.24022   0.45860   0.21237  
  9 14.7273   5826.674494  x:  2.57367   0.69082   0.11029   0.44036   0.11355   0.79665   0.34949   0.27456   0.05324   0.21119   0.16968   2.19685   0.46107   0.21281  
 10  7.8494   5826.408707  x:  2.53978   0.66647   0.12187   0.45985   0.10845   0.79811   0.35361   0.26833   0.05562   0.21611   0.16728   2.11292   0.46105   0.21430  
 11  8.7206   5826.363425  x:  2.53380   0.66668   0.12392   0.46394   0.10686   0.79665   0.35120   0.27411   0.05233   0.20997   0.16932   2.09898   0.45962   0.21419  
 12 10.1322   5826.295708  x:  2.52740   0.68704   0.11963   0.46384   0.10615   0.79358   0.34397   0.27199   0.05378   0.21327   0.16884   2.08535   0.45327   0.21005  
 13  2.6478   5826.169951  x:  2.52077   0.71277   0.09300   0.46081   0.10518   0.80079   0.35560   0.27242   0.05263   0.21140   0.17030   2.06902   0.44957   0.20883  
 14  6.0199   5825.883474  x:  2.53753   0.73551   0.08435   0.47407   0.10250   0.82827   0.34541   0.27126   0.05239   0.21135   0.16945   2.06706   0.47758   0.22466  
 15  2.6889   5822.416014  x:  2.83583   0.73478   0.12839   0.50585   0.05593   0.90289   0.37390   0.27274   0.03396   0.21550   0.16992   2.15454   0.42917   0.17431  
 16  5.1917   5821.676509  x:  3.01311   0.74146   0.11644   0.50837   0.04545   0.89859   0.37811   0.27599   0.05040   0.21793   0.17574   2.13125   0.45263   0.18009  
 17  0.1265   5821.633325  x:  3.05816   0.74413   0.10795   0.50663   0.04624   0.89294   0.37563   0.27892   0.04556   0.21730   0.17616   2.13738   0.45661   0.18035  
 18  0.0345   5821.631551  x:  3.06446   0.74460   0.10745   0.50686   0.04716   0.89291   0.37513   0.27804   0.04589   0.21747   0.17558   2.13855   0.45524   0.17913  
 19  0.0062   5821.631186  x:  3.06792   0.74464   0.10754   0.50711   0.04697   0.89310   0.37499   0.27779   0.04597   0.21755   0.17549   2.13847   0.45474   0.17934  
 20  0.0033   5821.631123  x:  3.06943   0.74456   0.10766   0.50711   0.04718   0.89335   0.37499   0.27793   0.04596   0.21745   0.17564   2.13854   0.45467   0.17933  
 21  0.0012   5821.631121  x:  3.06961   0.74456   0.10772   0.50711   0.04715   0.89342   0.37503   0.27797   0.04594   0.21748   0.17563   2.13854   0.45464   0.17931  
 22  0.0002   5821.631121  x:  3.06960   0.74456   0.10772   0.50711   0.04716   0.89342   0.37504   0.27797   0.04594   0.21749   0.17563   2.13855   0.45465   0.17931  
 23  0.0000   5821.631121  x:  3.06960   0.74456   0.10772   0.50711   0.04716   0.89342   0.37504   0.27797   0.04594   0.21749   0.17563   2.13855   0.45465   0.17931  
 24  0.0000   5821.631121  x:  3.06960   0.74456   0.10772   0.50711   0.04716   0.89342   0.37504   0.27797   0.04594   0.21749   0.17563   2.13855   0.45465   0.17931  