

TREE # 1

  0  0.0000   5975.593630  x:  1.18853   0.46798   0.07308   0.30211   0.00000   0.41905   0.22564   0.16620   0.07611   0.10457   0.12710   3.00000   0.69165   0.21016  
  1 99.0000   5921.747709  x:  1.24765   0.53326   0.16887   0.36419   0.24837   0.55232   0.32280   0.22917   0.07435   0.19979   0.15794   2.97239   0.65179   0.17276  
  2 545.4757   5898.171157  x:  1.35410   0.57856   0.21162   0.39658   0.23665   0.67662   0.36631   0.24492   0.03247   0.20669   0.15536   2.92896   0.52316   0.29484  
  3 251.2434   5871.188198  x:  1.61964   0.65621   0.25571   0.45974   0.07598   0.90251   0.41306   0.32367   0.11430   0.21411   0.24371   2.81655   0.42112   0.24483  
  4 234.7493   5852.538042  x:  1.79322   0.69870   0.27043   0.50275   0.00000   1.01350   0.42541   0.30750   0.05207   0.21926   0.20233   2.73833   0.39742   0.15630  
  5 278.5887   5838.170727  x:  2.18021   0.67988   0.14144   0.55578   0.08219   1.00507   0.33527   0.24080   0.11834   0.18256   0.14225   2.53433   0.39228   0.15721  
  6 87.1441   5831.327384  x:  2.40255   0.67539   0.07819   0.54782   0.10427   0.93276   0.30057   0.25900   0.06238   0.24435   0.20175   2.40051   0.42249   0.18170  
  7 122.7797   5827.239141  x:  2.55048   0.70741   0.09718   0.50812   0.11282   0.84036   0.34806   0.31621   0.04520   0.21832   0.18789   2.29271   0.46978   0.20686  
  8 82.4817   5826.506110  x:  2.57483   0.71606   0.11398   0.48642   0.11053   0.82072   0.37319   0.28456   0.05453   0.22778   0.19397   2.26153   0.47702   0.21185  
  9 32.7841   5826.235955  x:  2.56441   0.69597   0.12062   0.45430   0.11381   0.82480   0.37149   0.28661   0.05370   0.22689   0.19241   2.20983   0.45898   0.20092  
 10  7.7522   5825.935608  x:  2.53598   0.67792   0.14683   0.47082   0.10973   0.83091   0.35714   0.28460   0.05320   0.22371   0.19452   2.12210   0.46741   0.20586  
 11  9.4896   5825.867025  x:  2.52851   0.67161   0.14132   0.47720   0.10640   0.83377   0.36535   0.28644   0.05500   0.22915   0.18965   2.10211   0.47091   0.20828  
 12  8.9943   5825.827773  x:  2.52507   0.67534   0.13350   0.47985   0.10694   0.83574   0.37099   0.28471   0.05229   0.22347   0.19391   2.09364   0.47138   0.20754  
 13  3.6348   5825.631997  x:  2.51462   0.72695   0.10500   0.47995   0.10455   0.83846   0.36750   0.28471   0.05367   0.22716   0.18986   2.06529   0.46639   0.20491  
 14  4.5045   5824.637748  x:  2.59481   0.73739   0.10284   0.45385   0.09313   0.89637   0.36053   0.28008   0.04506   0.22508   0.18098   2.08288   0.51178   0.21699  
 15  1.4023   5822.723459  x:  2.75776   0.72624   0.13051   0.49936   0.05977   0.88904   0.37647   0.27323   0.03201   0.22855   0.16843   2.12931   0.46294   0.17909  
 16 14.9833   5821.853293  x:  2.91345   0.73661   0.12214   0.51030   0.03983   0.89509   0.37810   0.27607   0.05270   0.21438   0.17010   2.13801   0.45370   0.17654  
 17  0.1875   5821.666548  x:  3.00819   0.74105   0.10806   0.50645   0.04484   0.88614   0.37507   0.27749   0.04592   0.21452   0.17678   2.13166   0.45475   0.18273  
 18  0.0869   5821.638925  x:  3.05290   0.74492   0.10441   0.50465   0.04582   0.88908   0.37334   0.27684   0.04567   0.21720   0.17513   2.13692   0.45602   0.17934  
 19  0.0309   5821.631414  x:  3.07109   0.74463   0.10772   0.50721   0.04719   0.89263   0.37484   0.27769   0.04616   0.21704   0.17534   2.13998   0.45464   0.17936  
 20  0.0091   5821.631124  x:  3.06999   0.74448   0.10780   0.50715   0.04710   0.89341   0.37502   0.27797   0.04593   0.21749   0.17564   2.13855   0.45465   0.17931  
 21  0.0018   5821.631121  x:  3.06962   0.74454   0.10773   0.50711   0.04717   0.89341   0.37503   0.27797   0.04594   0.21749   0.17563   2.13854   0.45465   0.17931  
 22  0.0004   5821.631121  x:  3.06960   0.74456   0.10772   0.50711   0.04716   0.89342   0.37504   0.27797   0.04594   0.21749   0.17563   2.13855   0.45465   0.17931  
 23  0.0000   5821.631121  x:  3.06960   0.74456   0.10772   0.50711   0.04716   0.89342   0.37504   0.27797   0.04594   0.21749   0.17563   2.13855   0.45465   0.17931  