

TREE # 1

  0  0.0000   5961.853234  x:  1.31425   0.50546   0.03951   0.32579   0.00000   0.46016   0.23524   0.19627   0.05487   0.13847   0.15460   3.00000   1.45018   0.19519   0.25703   2.67936  
  1 99.0000   5916.203810  x:  1.36895   0.57626   0.16536   0.38581   0.24143   0.58331   0.33145   0.23623   0.06967   0.18469   0.15944   2.97077   1.43840   0.20958   0.23906   2.67883  
  2 489.1796   5892.016808  x:  1.53007   0.63400   0.22558   0.42911   0.17085   0.77842   0.39767   0.25618   0.02666   0.20610   0.16488   2.89207   1.39061   0.26283   0.39964   2.67902  
  3 176.2808   5876.175146  x:  1.72191   0.67548   0.25386   0.47556   0.05848   0.94012   0.43359   0.30852   0.10915   0.22978   0.21890   2.79039   1.34950   0.31155   0.35077   2.67986  
  4 218.8980   5862.188901  x:  1.86386   0.69988   0.26288   0.51061   0.00000   1.02842   0.44389   0.29817   0.07556   0.23137   0.18827   2.71066   1.31853   0.34900   0.26495   2.68087  
  5 269.5065   5842.623999  x:  2.34432   0.67915   0.10571   0.59343   0.09649   1.00095   0.32497   0.24735   0.10724   0.14892   0.17897   2.39945   1.16600   0.53327   0.25147   2.68661  
  6 96.3131   5836.309472  x:  2.53247   0.68503   0.06032   0.58829   0.12181   0.93211   0.28787   0.26379   0.08385   0.24784   0.18897   2.26526   1.09531   0.62083   0.24591   2.68853  
  7 160.3701   5831.703898  x:  2.66471   0.73247   0.09679   0.52425   0.11789   0.81713   0.32986   0.31728   0.06358   0.22520   0.19050   2.15447   1.02871   0.70847   0.23737   2.68873  
  8 77.8229   5830.883699  x:  2.68240   0.73521   0.10332   0.49389   0.11712   0.80155   0.35938   0.27994   0.07316   0.22935   0.19902   2.13265   1.00972   0.73968   0.23364   2.68760  
  9 32.5766   5830.555470  x:  2.67382   0.71796   0.09753   0.46934   0.12008   0.81322   0.36697   0.28632   0.08041   0.23082   0.18285   2.12453   0.99091   0.78386   0.22919   2.68476  
 10 12.0218   5830.093337  x:  2.64865   0.69806   0.10731   0.45233   0.12215   0.83115   0.35367   0.28975   0.06803   0.22436   0.20219   2.11487   0.95848   0.87349   0.21611   2.67840  
 11 20.7104   5829.607433  x:  2.61669   0.69259   0.13494   0.47353   0.11252   0.83143   0.33606   0.28269   0.07921   0.22657   0.19161   2.10729   0.92714   0.98450   0.20944   2.66917  
 12 25.5270   5829.369004  x:  2.60252   0.68638   0.12566   0.50199   0.10703   0.82625   0.35708   0.28610   0.07548   0.22629   0.19474   2.10687   0.92471   1.04532   0.20455   2.66171  
 13 14.8562   5828.169367  x:  2.62069   0.81269   0.05045   0.49793   0.10402   0.84398   0.36109   0.28502   0.07149   0.22458   0.19205   2.15342   1.14973   1.36751   0.19063   2.59066  
 14  6.3809   5823.330522  x:  2.90981   0.70288   0.14420   0.49019   0.06506   0.84798   0.39325   0.27646   0.04005   0.22442   0.17674   2.29465   2.46168   2.69665   0.17263   2.25471  
 15 24.5917   5822.642733  x:  2.85497   0.70543   0.14580   0.49560   0.05614   0.86585   0.39359   0.27453   0.03650   0.22284   0.17390   2.12322   2.68167   2.83298   0.17806   2.21694  
 16  8.3388   5821.963766  x:  2.96557   0.72938   0.12505   0.50460   0.04143   0.88936   0.37923   0.27922   0.05349   0.21485   0.17347   2.12208   3.06728   3.22207   0.18460   2.36749  
 17  0.4766   5821.751552  x:  3.07002   0.75161   0.09811   0.50993   0.04475   0.89817   0.37154   0.27810   0.04426   0.21522   0.17745   2.14595   3.31100   3.47017   0.18105   2.63876  
 18  0.3467   5821.639142  x:  3.12299   0.75250   0.09504   0.50614   0.04809   0.88981   0.38351   0.27486   0.04793   0.21976   0.17320   2.13516   3.67733   3.83104   0.17941   3.20938  
 19  0.3387   5821.456098  x:  3.14212   0.74403   0.11791   0.50766   0.04624   0.89680   0.38579   0.28339   0.04340   0.22028   0.17822   2.14101   4.27355   4.44457   0.18067   4.72714  
 20  0.5195   5821.303242  x:  3.07005   0.73835   0.12090   0.51378   0.05346   0.90849   0.37278   0.27772   0.04855   0.21803   0.17488   2.15805   4.32161   4.48338   0.17851   6.04121  
 21  0.5006   5820.878060  x:  2.86689   0.74417   0.09720   0.51037   0.05441   0.89565   0.37880   0.26931   0.04558   0.21190   0.17459   2.12722   3.76690   3.93105   0.18991   9.54185  
 22  0.7398   5820.485953  x:  2.80375   0.75182   0.08501   0.50608   0.04717   0.88037   0.38894   0.26973   0.04446   0.21131   0.17430   2.13282   3.11809   3.25457   0.19048  11.97214  
 23  2.8213   5819.931580  x:  2.96121   0.75408   0.08880   0.49910   0.03398   0.86411   0.42263   0.27744   0.04409   0.21695   0.17592   2.16030   3.24474   3.34619   0.18365  15.41384  
 24  3.5877   5819.542216  x:  3.01886   0.73437   0.10216   0.49445   0.04491   0.86986   0.44009   0.27434   0.04795   0.21768   0.17582   2.16094   2.89965   3.01197   0.18342  19.30978  
 25  2.5417   5819.279223  x:  3.08019   0.72449   0.11486   0.49875   0.05435   0.88793   0.45359   0.27334   0.05006   0.21787   0.17567   2.15790   3.14582   3.29407   0.18166  22.07606  
 26  4.7366   5819.058505  x:  3.11622   0.74082   0.11638   0.51574   0.04583   0.90929   0.50533   0.27584   0.04681   0.21665   0.17604   2.16506   2.96842   3.15365   0.17924  28.32464  
 27  3.5621   5818.845371  x:  3.10555   0.74603   0.10356   0.50791   0.05117   0.89059   0.60162   0.28098   0.04543   0.21582   0.18178   2.17104   3.01587   3.14167   0.18424  39.59842  
 28  3.5026   5818.730627  x:  3.07838   0.74126   0.10881   0.50471   0.04860   0.89113   0.67960   0.27544   0.04810   0.21783   0.17583   2.17401   2.87565   3.03743   0.18109  48.64780  
 29  5.6572   5818.696234  x:  3.06903   0.73842   0.11186   0.50512   0.04820   0.89346   0.71414   0.27403   0.04844   0.21782   0.17462   2.17226   2.93222   3.11034   0.17960  53.14252  
 30  6.6728   5818.653708  x:  3.06375   0.73404   0.11194   0.50785   0.04953   0.89434   0.83507   0.27573   0.04648   0.21516   0.17863   2.16669   2.89479   3.06472   0.18019  67.91697  
 31  6.6942   5818.640937  x:  3.07533   0.73896   0.11025   0.50564   0.04953   0.89234   0.89570   0.27571   0.04746   0.21671   0.17628   2.17382   2.90486   3.07235   0.18066  75.42369  
 32  4.6919   5818.638352  x:  3.07644   0.73850   0.11097   0.50633   0.04918   0.89252   0.95528   0.27516   0.04766   0.21680   0.17699   2.17280   2.89129   3.06243   0.18000  82.73895  
 33  3.7531   5818.637915  x:  3.07571   0.73805   0.11096   0.50636   0.04934   0.89263   0.96639   0.27548   0.04745   0.21664   0.17694   2.17248   2.89809   3.06856   0.18016  84.18568  
 34  1.3877   5818.637858  x:  3.07504   0.73806   0.11085   0.50621   0.04940   0.89254   0.97291   0.27553   0.04741   0.21660   0.17682   2.17268   2.89692   3.06685   0.18027  85.01334  
 35  0.7214   5818.637827  x:  3.07445   0.73823   0.11082   0.50616   0.04940   0.89251   0.97878   0.27539   0.04748   0.21660   0.17688   2.17271   2.89786   3.06808   0.18022  85.82616  
 36  0.2937   5818.637657  x:  3.07489   0.73815   0.11078   0.50635   0.04938   0.89255   0.97933   0.27556   0.04746   0.21666   0.17685   2.17222   2.90303   3.07421   0.18014  86.40813  
 37  0.0728   5818.637574  x:  3.07489   0.73815   0.11079   0.50629   0.04939   0.89261   0.97414   0.27551   0.04744   0.21665   0.17685   2.17232   2.91007   3.08087   0.18019  86.31761  
 38  0.0733   5818.637572  x:  3.07466   0.73815   0.11081   0.50622   0.04941   0.89257   0.97333   0.27547   0.04745   0.21661   0.17685   2.17239   2.91007   3.08076   0.18019  86.19820  
 39  0.1007   5818.637572  x:  3.07466   0.73814   0.11081   0.50622   0.04941   0.89257   0.97320   0.27547   0.04745   0.21661   0.17685   2.17239   2.91004   3.08073   0.18019  86.17880  
 40  0.0177   5818.637572  x:  3.07466   0.73814   0.11081   0.50622   0.04941   0.89257   0.97319   0.27547   0.04745   0.21661   0.17685   2.17239   2.91004   3.08073   0.18019  86.17832  