

TREE # 1

  0  0.0000   6105.554260  x:  0.86445   0.35138   0.07587   0.23434   0.00000   0.31670   0.19727   0.14718   0.06734   0.10071   0.11746   3.00000   1.02346   1.43066  
  1 99.0000   5972.319468  x:  0.97735   0.48922   0.25440   0.35898   0.39342   0.55842   0.35234   0.25888   0.10659   0.21439   0.18439   2.96696   1.01171   1.42081  
  2 927.3728   5924.557292  x:  1.22352   0.58260   0.28429   0.40445   0.29516   0.73082   0.39077   0.23159   0.00000   0.19701   0.13625   2.89842   1.04050   1.37927  
  3 228.2104   5866.226117  x:  1.78467   0.76390   0.31244   0.48995   0.00000   1.07842   0.44653   0.26254   0.13277   0.16998   0.17257   2.73207   1.10663   1.27968  
  4 736.7918   5854.008423  x:  2.00707   0.72705   0.20014   0.53672   0.01010   1.04067   0.37262   0.29204   0.10629   0.34137   0.21275   2.60886   1.12398   1.21121  
  5 99.0274   5843.296509  x:  2.24630   0.68137   0.08160   0.57643   0.12351   0.93087   0.31782   0.31134   0.12897   0.28709   0.15844   2.43625   1.12992   1.11899  
  6 111.2963   5839.683728  x:  2.33470   0.69046   0.10549   0.55702   0.15008   0.83694   0.33145   0.27966   0.11153   0.25781   0.22797   2.32078   1.09308   1.06919  
  7 60.8825   5837.029500  x:  2.37535   0.69268   0.15289   0.50860   0.14149   0.76775   0.37597   0.30380   0.11699   0.28322   0.18954   2.18386   1.00866   1.01430  
  8 46.4806   5834.089881  x:  2.35662   0.62626   0.15736   0.46666   0.14451   0.81969   0.36696   0.27712   0.12044   0.28048   0.19008   1.97393   0.83855   0.89389  
  9 34.2887   5832.641369  x:  2.31979   0.62441   0.18441   0.48755   0.13084   0.83247   0.32451   0.31342   0.10680   0.26623   0.19560   1.87159   0.77595   0.75814  
 10 36.4829   5831.483732  x:  2.28784   0.62795   0.18610   0.51718   0.12102   0.83339   0.33968   0.29090   0.11505   0.27369   0.18731   1.81782   0.73819   0.60516  
 11 39.1538   5830.324992  x:  2.28647   0.64706   0.14682   0.53985   0.10939   0.82656   0.37262   0.31225   0.10354   0.26369   0.19924   1.83367   0.61022   0.43927  
 12 24.0405   5829.595411  x:  2.29767   0.67797   0.14454   0.54537   0.11074   0.81889   0.35096   0.29725   0.11090   0.26747   0.19042   1.86080   0.51299   0.33509  
 13 41.8208   5829.470745  x:  2.30753   0.66393   0.15386   0.52884   0.11291   0.82229   0.34925   0.30002   0.10962   0.26633   0.19099   1.87418   0.51287   0.31699  
 14  3.6472   5828.786892  x:  2.35485   0.58621   0.21068   0.56522   0.09828   0.81870   0.35283   0.29729   0.10976   0.25845   0.18599   1.92571   0.49005   0.30483  
 15  4.7635   5820.447096  x:  2.61917   0.70771   0.14832   0.46281   0.05255   0.89723   0.36042   0.28418   0.09455   0.19361   0.17104   2.18633   0.52962   0.40776  
 16  2.6938   5817.793309  x:  2.77082   0.76439   0.08653   0.52698   0.01122   0.88989   0.38247   0.26532   0.06756   0.21469   0.17676   2.15773   0.54635   0.40402  
 17  0.1810   5816.810946  x:  2.89171   0.76483   0.06211   0.50053   0.03928   0.86003   0.37377   0.26677   0.04748   0.21526   0.17996   2.09380   0.53334   0.39854  
 18  0.1644   5816.652872  x:  2.93228   0.75692   0.08379   0.49902   0.03587   0.86648   0.36915   0.27607   0.04450   0.21514   0.17221   2.08449   0.53176   0.39929  
 19  0.0493   5816.526409  x:  2.99453   0.76541   0.08566   0.51322   0.04031   0.88587   0.37136   0.27326   0.04782   0.21141   0.17388   2.10206   0.53876   0.40290  
 20  0.0310   5816.484867  x:  3.03684   0.77036   0.08086   0.50926   0.04043   0.89238   0.37430   0.27650   0.04561   0.21753   0.17658   2.10940   0.53241   0.39886  
 21  0.0465   5816.479262  x:  3.05807   0.77216   0.07795   0.50916   0.04069   0.88978   0.37477   0.27662   0.04610   0.21753   0.17552   2.10792   0.53501   0.39983  
 22  0.0162   5816.478391  x:  3.06261   0.77214   0.07797   0.50925   0.04034   0.88916   0.37434   0.27649   0.04627   0.21691   0.17600   2.10791   0.53282   0.39813  
 23  0.0057   5816.478331  x:  3.06257   0.77213   0.07812   0.50910   0.04030   0.88917   0.37415   0.27640   0.04645   0.21707   0.17599   2.10831   0.53313   0.39842  
 24  0.0009   5816.478329  x:  3.06253   0.77220   0.07807   0.50914   0.04025   0.88920   0.37416   0.27643   0.04645   0.21706   0.17600   2.10837   0.53319   0.39847  
 25  0.0002   5816.478329  x:  3.06252   0.77221   0.07806   0.50915   0.04024   0.88920   0.37417   0.27642   0.04645   0.21706   0.17599   2.10836   0.53318   0.39846  
 26  0.0000   5816.478329  x:  3.06252   0.77221   0.07806   0.50915   0.04024   0.88920   0.37417   0.27642   0.04645   0.21706   0.17599   2.10835   0.53318   0.39847  
 27  0.0000   5816.478329  x:  3.06252   0.77221   0.07806   0.50915   0.04024   0.88920   0.37417   0.27642   0.04645   0.21706   0.17599   2.10835   0.53318   0.39847  
 28  0.0000   5816.478329  x:  3.06253   0.77221   0.07806   0.50915   0.04024   0.88920   0.37417   0.27642   0.04645   0.21706   0.17599   2.10835   0.53318   0.39847  
 29  0.0000   5816.478329  x:  3.06252   0.77221   0.07806   0.50915   0.04024   0.88920   0.37417   0.27642   0.04645   0.21706   0.17599   2.10835   0.53318   0.39847  
 30  0.0000   5816.478329  x:  3.06252   0.77221   0.07806   0.50915   0.04024   0.88920   0.37417   0.27642   0.04645   0.21706   0.17599   2.10835   0.53318   0.39847  