

TREE # 1

  0  0.0000   6091.875917  x:  1.13273   0.42249   0.05405   0.27885   0.00000   0.39237   0.21059   0.18073   0.07202   0.13106   0.12847   3.00000   1.00000  
  1 99.0000   5996.701353  x:  1.19641   0.51901   0.21571   0.36533   0.30048   0.54788   0.33235   0.24924   0.10180   0.19674   0.18006   2.97717   0.95165  
  2 799.8721   5947.698015  x:  1.39702   0.58969   0.25444   0.43230   0.17757   0.76674   0.39394   0.25076   0.00000   0.22100   0.15165   2.90462   0.76297  
  3 208.0844   5916.397558  x:  1.62090   0.65588   0.27934   0.49883   0.02172   0.98219   0.44464   0.28028   0.07991   0.24305   0.16773   2.81919   0.54982  
  4 889.1463   5899.886541  x:  1.96709   0.66000   0.19289   0.57217   0.10106   0.93870   0.29756   0.26448   0.07148   0.16265   0.21098   2.59674   0.49233  
  5 79.4035   5890.406885  x:  2.24152   0.66489   0.12704   0.58732   0.12452   0.87887   0.27894   0.27519   0.08129   0.25859   0.16861   2.38724   0.55321  
  6 145.8723   5885.940584  x:  2.36896   0.67314   0.12117   0.53287   0.12642   0.80730   0.38023   0.27481   0.08058   0.21725   0.16994   2.23849   0.56779  
  7 76.5030   5884.785374  x:  2.38065   0.67744   0.14953   0.48578   0.12653   0.77630   0.37616   0.27127   0.07323   0.23863   0.18684   2.17055   0.53699  
  8 33.5874   5884.300205  x:  2.37196   0.67208   0.16695   0.46658   0.12895   0.77985   0.36495   0.27762   0.07733   0.23243   0.16436   2.12061   0.52928  
  9 25.3761   5883.538737  x:  2.33944   0.64436   0.18389   0.45377   0.12233   0.81396   0.35243   0.27971   0.07504   0.22659   0.17663   2.01049   0.54435  
 10 30.1651   5883.215931  x:  2.31444   0.62593   0.17924   0.47148   0.12432   0.81579   0.35891   0.26714   0.07692   0.23157   0.17329   1.95666   0.53092  
 11 21.7669   5883.116194  x:  2.30379   0.62879   0.17876   0.48531   0.12015   0.80982   0.35999   0.27877   0.07413   0.23196   0.17439   1.93799   0.52704  
 12 11.5644   5883.070118  x:  2.29884   0.64151   0.18074   0.49249   0.11662   0.80758   0.35872   0.27417   0.07517   0.23092   0.17416   1.92967   0.52929  
 13  5.3374   5882.943085  x:  2.28720   0.67424   0.15017   0.48523   0.12020   0.81585   0.35874   0.27510   0.07481   0.23169   0.17454   1.91728   0.52472  
 14  2.7704   5879.082222  x:  2.39779   0.69233   0.14197   0.50917   0.03244   0.86929   0.36633   0.27281   0.06201   0.22111   0.17600   1.97412   0.49212  
 15  0.4227   5878.296875  x:  2.45522   0.69831   0.09556   0.50179   0.03631   0.84103   0.35502   0.26736   0.05389   0.20705   0.17424   1.95373   0.50677  
 16  0.0694   5878.212871  x:  2.43221   0.69373   0.10464   0.49563   0.03580   0.82549   0.35207   0.26676   0.05097   0.21388   0.17312   1.95289   0.50833  
 17  0.0252   5878.200557  x:  2.40660   0.69301   0.10366   0.49664   0.03579   0.82655   0.35329   0.26709   0.05055   0.21323   0.17293   1.95641   0.51046  
 18  0.0189   5878.200034  x:  2.40515   0.69210   0.10461   0.49618   0.03519   0.82672   0.35351   0.26694   0.05059   0.21275   0.17303   1.95475   0.51042  
 19  0.0032   5878.199955  x:  2.40472   0.69187   0.10458   0.49590   0.03542   0.82647   0.35348   0.26684   0.05077   0.21267   0.17304   1.95433   0.51033  
 20  0.0007   5878.199928  x:  2.40472   0.69198   0.10443   0.49598   0.03530   0.82638   0.35342   0.26686   0.05087   0.21273   0.17302   1.95456   0.51036  
 21  0.0003   5878.199928  x:  2.40468   0.69199   0.10446   0.49599   0.03531   0.82636   0.35342   0.26687   0.05088   0.21272   0.17301   1.95456   0.51038  
 22  0.0001   5878.199928  x:  2.40468   0.69199   0.10446   0.49599   0.03531   0.82636   0.35342   0.26687   0.05087   0.21272   0.17301   1.95456   0.51038  