

TREE # 1

  0  0.0000   5927.779611  x:  1.55480   0.59685   0.04903   0.37168   0.00000   0.54294   0.27596   0.20817   0.06292   0.14149   0.15889   3.00000   1.44348   0.16460   0.22520  11.34648  
  1 99.0000   5901.808243  x:  1.59746   0.63757   0.12938   0.40905   0.19450   0.63256   0.33968   0.24650   0.07697   0.19874   0.18228   2.96963   1.42560   0.18814   0.27977  11.34596  
  2 329.1984   5880.162681  x:  1.78285   0.69163   0.20985   0.45652   0.07707   0.87216   0.40430   0.29505   0.01778   0.23524   0.20968   2.84864   1.36616   0.27284   0.36845  11.34394  
  3 125.5779   5872.318730  x:  1.90233   0.70954   0.23289   0.48869   0.03297   0.97614   0.42222   0.32388   0.09133   0.24209   0.22860   2.76464   1.33419   0.32462   0.31230  11.34238  
  4 186.3237   5865.097657  x:  2.02062   0.71788   0.23593   0.51913   0.03677   1.03622   0.41796   0.29748   0.07133   0.23469   0.20940   2.67721   1.29970   0.38164   0.22830  11.34083  
  5 171.1390   5851.616430  x:  2.33617   0.69980   0.16636   0.56766   0.07587   1.05855   0.33762   0.22304   0.11542   0.17387   0.14309   2.43728   1.18329   0.56724   0.24225  11.33599  
  6 147.3436   5841.443574  x:  2.61856   0.67633   0.07889   0.56806   0.09888   0.98357   0.26976   0.27265   0.09531   0.25381   0.16637   2.21166   1.06697   0.75663   0.22593  11.33052  
  7 176.1444   5835.410935  x:  2.80013   0.71713   0.09080   0.51519   0.09800   0.85338   0.35951   0.31158   0.08008   0.21085   0.18242   2.06416   0.98587   0.90696   0.20737  11.32517  
  8 93.6723   5834.751903  x:  2.81989   0.72921   0.10493   0.49788   0.09176   0.83616   0.36926   0.28268   0.08814   0.23205   0.18697   2.05574   0.97797   0.93705   0.20645  11.32340  
  9 32.2283   5834.224430  x:  2.83105   0.73689   0.12494   0.46197   0.09303   0.84203   0.34828   0.29155   0.09033   0.23094   0.17198   2.09396   0.98279   1.02872   0.19736  11.31572  
 10 10.9095   5833.165949  x:  2.84881   0.70999   0.11006   0.44320   0.09755   0.86190   0.36248   0.28094   0.08857   0.21782   0.20193   2.19804   1.01161   1.26221   0.18108  11.29457  
 11 29.0717   5832.271427  x:  2.86142   0.71165   0.11818   0.50381   0.08485   0.84559   0.37355   0.28597   0.09034   0.22663   0.18656   2.28226   1.07274   1.47718   0.17158  11.27279  
 12 36.6779   5831.700722  x:  2.87145   0.73700   0.12745   0.52184   0.08362   0.83947   0.35184   0.28202   0.08375   0.21190   0.22198   2.29401   1.19313   1.61078   0.17029  11.25300  
 13 16.2912   5826.490814  x:  2.99268   0.88092   0.00000   0.49349   0.08085   0.87693   0.39031   0.28038   0.05713   0.21360   0.25744   2.29708   2.90604   3.19846   0.17282  11.00033  
 14 61.5918   5825.287278  x:  3.01223   0.75663   0.08669   0.49082   0.07283   0.86831   0.39103   0.28009   0.04867   0.20949   0.26811   2.26337   3.24066   3.49415   0.17468  10.95074  
 15 33.2581   5824.708989  x:  2.87809   0.74907   0.09499   0.49762   0.06381   0.89541   0.38663   0.27708   0.05018   0.20923   0.25745   2.13774   3.25559   3.60786   0.16927  10.92240  
 16  2.3106   5821.996928  x:  3.00195   0.73746   0.11329   0.49669   0.04766   0.90990   0.38966   0.28331   0.04222   0.22596   0.18799   2.11755   3.40100   3.58049   0.17525  10.76814  
 17  0.7891   5821.699543  x:  3.09698   0.73858   0.11375   0.51058   0.04755   0.89314   0.37378   0.27930   0.04104   0.21725   0.18401   2.14760   3.69164   3.86021   0.18059  10.76933  
 18  0.2700   5821.595406  x:  3.10090   0.74419   0.11126   0.50834   0.04531   0.89780   0.37321   0.27648   0.04737   0.21571   0.18376   2.14260   4.05108   4.23497   0.17566  10.80187  
 19  0.2150   5821.544709  x:  3.09154   0.74210   0.10747   0.50531   0.04701   0.89612   0.37553   0.27979   0.04325   0.21681   0.17877   2.13592   4.35400   4.53416   0.17684  10.81101  
 20  0.2530   5821.529752  x:  3.08026   0.74656   0.10573   0.50661   0.04759   0.89431   0.37572   0.27918   0.04351   0.21782   0.18114   2.14414   4.51238   4.68414   0.17910  10.85654  
 21  0.1698   5821.526568  x:  3.07370   0.74634   0.10674   0.50739   0.04725   0.89475   0.37533   0.27852   0.04470   0.21786   0.17922   2.14323   4.61073   4.78695   0.17882  10.88368  
 22  0.1194   5821.525599  x:  3.07208   0.74506   0.10751   0.50731   0.04727   0.89485   0.37513   0.27868   0.04425   0.21734   0.17962   2.14165   4.67163   4.84878   0.17837  10.91728  
 23  0.0642   5821.524997  x:  3.07525   0.74403   0.10818   0.50647   0.04730   0.89400   0.37538   0.27871   0.04451   0.21753   0.17942   2.14196   4.71347   4.88832   0.17882  10.97609  
 24  0.0312   5821.521826  x:  3.08533   0.74597   0.10903   0.50741   0.04698   0.89536   0.37564   0.27863   0.04418   0.21813   0.17955   2.14593   4.76906   4.94893   0.17818  11.34183  
 25  0.0469   5821.509165  x:  3.11012   0.74571   0.11018   0.51045   0.04882   0.90134   0.37616   0.27945   0.04413   0.21881   0.18108   2.14311   4.83029   5.01855   0.17761  13.43124  
 26  0.4349   5821.468678  x:  3.09966   0.74463   0.10831   0.50844   0.04861   0.90208   0.37733   0.28092   0.04364   0.21811   0.18356   2.13921   4.50203   4.67049   0.17970  17.74719  
 27  0.8492   5821.417448  x:  3.07031   0.73976   0.11011   0.50525   0.04778   0.89577   0.37705   0.28004   0.04369   0.21699   0.18812   2.14197   4.89035   5.05399   0.18022  25.55941  
 28  4.1179   5821.396084  x:  3.07111   0.74403   0.10795   0.50747   0.04747   0.89427   0.37527   0.27832   0.04367   0.21745   0.19069   2.14926   4.73394   4.91457   0.17777  31.09425  
 29  4.1840   5821.392842  x:  3.07813   0.74493   0.10779   0.50827   0.04722   0.89586   0.37521   0.27870   0.04387   0.21787   0.19263   2.14809   4.80757   4.98653   0.17802  34.56230  
 30  2.3438   5821.392309  x:  3.07758   0.74469   0.10743   0.50792   0.04730   0.89572   0.37537   0.27878   0.04390   0.21776   0.19329   2.14759   4.78062   4.95859   0.17819  35.74814  
 31  1.1403   5821.392279  x:  3.07681   0.74457   0.10742   0.50781   0.04736   0.89556   0.37540   0.27873   0.04391   0.21770   0.19351   2.14768   4.78548   4.96382   0.17817  36.07123  
 32  0.3025   5821.392277  x:  3.07682   0.74458   0.10748   0.50784   0.04735   0.89559   0.37540   0.27873   0.04390   0.21770   0.19356   2.14772   4.78521   4.96351   0.17817  36.13731  
 33  0.0536   5821.392277  x:  3.07681   0.74455   0.10750   0.50784   0.04735   0.89559   0.37540   0.27873   0.04390   0.21770   0.19356   2.14772   4.78501   4.96332   0.17817  36.13016  
 34  0.0050   5821.392277  x:  3.07680   0.74455   0.10750   0.50784   0.04735   0.89559   0.37540   0.27873   0.04390   0.21770   0.19356   2.14772   4.78496   4.96327   0.17817  36.12808  
 35  0.0016   5821.392277  x:  3.07680   0.74455   0.10750   0.50784   0.04735   0.89559   0.37540   0.27873   0.04390   0.21770   0.19356   2.14772   4.78493   4.96324   0.17817  36.12879  
 36  0.0005   5821.392277  x:  3.07680   0.74455   0.10750   0.50784   0.04735   0.89559   0.37540   0.27873   0.04390   0.21770   0.19356   2.14772   4.78493   4.96324   0.17817  36.12879  
 37  0.0002   5821.392277  x:  3.07680   0.74455   0.10750   0.50784   0.04735   0.89559   0.37540   0.27873   0.04390   0.21770   0.19356   2.14772   4.78493   4.96324   0.17817  36.12879  
check convergence!
