

TREE # 1

  0  0.0000   6199.182668  x:  1.68528   0.62759   0.04768   0.40373   0.00000   0.59320   0.30029   0.21770   0.07206   0.15208   0.17333   3.00000   0.90000   0.20308   1.02301  10.00000  
  1 99.0000   5965.228885  x:  1.69151   0.63438   0.06169   0.40749   0.02861   0.60346   0.30756   0.21560   0.06538   0.15173   0.16574   2.99902   0.99999   0.26836   1.00845   9.99753  
  2 1348.6325   5940.140763  x:  1.69424   0.62987   0.05270   0.40427   0.00000   0.60383   0.30177   0.21432   0.05668   0.15605   0.16130   2.99119   0.99999   0.32586   0.99566  10.00072  
  3 718.1707   5927.935928  x:  1.72495   0.60838   0.00000   0.40862   0.02309   0.63634   0.29266   0.26184   0.05492   0.22281   0.18067   2.88502   0.99999   0.33392   0.90585  10.04379  
  4 110.2504   5899.920510  x:  1.81098   0.61162   0.02389   0.42116   0.00988   0.70813   0.28180   0.28852   0.00000   0.26569   0.16237   2.62063   0.99999   0.30628   0.67238  10.14959  
  5 283.7825   5883.423035  x:  1.85524   0.61473   0.03757   0.42681   0.00000   0.74047   0.28013   0.29741   0.01031   0.27601   0.15987   2.48351   0.99999   0.29602   0.54623  10.20485  
  6 1992.1435   5883.423035  x:  1.85524   0.61473   0.03757   0.42681   0.00000   0.74047   0.28013   0.29741   0.01031   0.27601   0.15987   2.48351   0.99999   0.29602   0.54623  10.20485  
  7 2621.6332   5839.384706  x:  1.88145   0.64719   0.09537   0.43893   0.11335   0.75743   0.32499   0.25483   0.06274   0.21700   0.14912   2.46419   0.99999   0.55457   0.44565  10.20485  
  8 371.5839   5832.575306  x:  1.96649   0.69465   0.16353   0.46708   0.03329   0.82265   0.36964   0.26616   0.04901   0.18857   0.21485   2.40991   0.99999   0.58139   0.42164  10.20485  
  9 75.3462   5829.747653  x:  2.03492   0.71486   0.18640   0.49161   0.01575   0.86218   0.39137   0.26460   0.02425   0.20093   0.17911   2.36603   0.99999   0.58534   0.41504  10.20485  
 10 84.0364   5826.949075  x:  2.13947   0.73178   0.19950   0.52549   0.01236   0.91132   0.41273   0.28160   0.06261   0.22733   0.14880   2.29900   0.99999   0.57810   0.41479  10.20484  
 11 138.4254   5821.618509  x:  2.42676   0.71044   0.12656   0.57238   0.06494   0.96860   0.37393   0.25826   0.04766   0.23692   0.19005   2.12080   0.99999   0.57159   0.41135  10.20484  
 12 71.5667   5819.619161  x:  2.54775   0.70334   0.09243   0.55678   0.04482   0.95376   0.34159   0.27521   0.05248   0.20552   0.17272   2.05406   0.99999   0.58412   0.40648  10.20483  
 13 77.2917   5817.705107  x:  2.69999   0.74099   0.10115   0.48603   0.05182   0.86654   0.35244   0.26828   0.05257   0.21368   0.17420   1.99182   0.99999   0.58602   0.43502  10.20483  
 14 39.9572   5817.551783  x:  2.72187   0.73855   0.08916   0.48793   0.05191   0.85775   0.37327   0.27433   0.04957   0.20936   0.17497   2.00340   0.99999   0.58998   0.44480  10.20483  
 15 10.1222   5817.417896  x:  2.75098   0.74106   0.08047   0.49497   0.04261   0.85239   0.37418   0.26753   0.05173   0.21657   0.17584   2.03299   0.99999   0.60044   0.45675  10.20483  
 16  9.9846   5817.232922  x:  2.79832   0.75526   0.08009   0.50598   0.04712   0.85151   0.36408   0.27245   0.04998   0.21113   0.17605   2.08595   0.99999   0.60726   0.47955  10.20483  
 17 19.7420   5817.177657  x:  2.81582   0.75650   0.07716   0.49151   0.04957   0.86325   0.36386   0.27508   0.04909   0.21366   0.17643   2.10735   0.99999   0.60696   0.47668  10.20483  
 18  5.6242   5817.166678  x:  2.82025   0.75645   0.07741   0.48995   0.05013   0.86445   0.36503   0.27146   0.05061   0.21089   0.17552   2.11231   0.99999   0.60350   0.47305  10.20483  
 19  3.3864   5817.138794  x:  2.83326   0.75510   0.08000   0.49237   0.05209   0.85959   0.36623   0.27238   0.05075   0.21203   0.17560   2.12568   0.99999   0.59426   0.45150  10.20483  
 20  3.3264   5816.898971  x:  2.92585   0.71135   0.11880   0.50045   0.04691   0.87474   0.37103   0.27445   0.04894   0.21495   0.17444   2.11969   0.99999   0.58904   0.45279  10.20478  
 21  0.2001   5816.608428  x:  3.01952   0.77084   0.08815   0.51566   0.03977   0.89762   0.37935   0.27592   0.04824   0.21792   0.17461   2.10346   0.99999   0.57837   0.43485  10.20472  
 22  3.6993   5816.513112  x:  3.09351   0.77449   0.07642   0.50681   0.04404   0.88704   0.37390   0.27570   0.04644   0.21601   0.17683   2.10021   0.99999   0.55445   0.41851  10.20464  
 23  0.0428   5816.481476  x:  3.08069   0.77239   0.07800   0.50995   0.03955   0.88990   0.37417   0.27663   0.04731   0.21704   0.17570   2.11034   0.99999   0.53431   0.39895  10.20456  
 24  0.0149   5816.478818  x:  3.06429   0.77218   0.07799   0.50950   0.04042   0.88957   0.37424   0.27644   0.04653   0.21725   0.17593   2.10878   0.99999   0.53323   0.39885  10.20453  
 25  0.0141   5816.478730  x:  3.06268   0.77226   0.07808   0.50919   0.04025   0.88928   0.37421   0.27646   0.04647   0.21709   0.17599   2.10840   0.99999   0.53321   0.39845  10.20450  
 26  0.0019   5816.478729  x:  3.06281   0.77228   0.07807   0.50919   0.04024   0.88928   0.37421   0.27644   0.04646   0.21707   0.17600   2.10837   0.99999   0.53319   0.39849  10.20447  
 27  0.0001   5816.478729  x:  3.06282   0.77228   0.07807   0.50919   0.04024   0.88928   0.37421   0.27644   0.04646   0.21707   0.17600   2.10838   0.99999   0.53319   0.39847  10.20444  
 28  0.0000   5816.478729  x:  3.06282   0.77228   0.07807   0.50920   0.04024   0.88928   0.37421   0.27644   0.04645   0.21707   0.17600   2.10838   0.99999   0.53319   0.39848  10.20437  
 29  0.0000   5816.478729  x:  3.06282   0.77228   0.07807   0.50919   0.04024   0.88928   0.37421   0.27644   0.04645   0.21707   0.17600   2.10838   0.99999   0.53319   0.39847  10.20380  
 30  0.0001   5816.478729  x:  3.06281   0.77227   0.07808   0.50918   0.04024   0.88926   0.37422   0.27645   0.04645   0.21707   0.17600   2.10842   0.99999   0.53312   0.39840  10.18298  
 31  0.0125   5816.478726  x:  3.06277   0.77226   0.07809   0.50917   0.04024   0.88926   0.37422   0.27644   0.04645   0.21707   0.17600   2.10840   0.99999   0.53309   0.39836  10.09690  
 32  0.0108   5816.478407  x:  3.05902   0.77177   0.07837   0.50902   0.04023   0.88855   0.37409   0.27606   0.04663   0.21695   0.17590   2.10609   0.99999   0.53026   0.39490   4.58751  
 33  8.8116   5816.478407  x:  3.05902   0.77177   0.07837   0.50902   0.04023   0.88855   0.37409   0.27606   0.04663   0.21695   0.17590   2.10609   0.99999   0.53026   0.39490   4.58751  
 34 240665965.4027   5816.289389  x:  3.05903   0.77177   0.07837   0.50902   0.04022   0.88856   0.37409   0.27608   0.04662   0.21695   0.17591   2.10611   0.99334   0.53027   0.39492   4.58751  
 35 58.8487   5816.261739  x:  3.05967   0.77498   0.08228   0.51027   0.04202   0.89138   0.37736   0.27819   0.05012   0.21667   0.17810   2.10674   0.99239   0.53058   0.39520   4.58715  
 36  6.7041   5816.232429  x:  3.06125   0.78076   0.08899   0.51258   0.04261   0.89723   0.38248   0.27877   0.04756   0.21632   0.17718   2.10824   0.99141   0.53220   0.39507   4.58636  
 37  9.1361   5816.218970  x:  3.06327   0.78320   0.09101   0.51402   0.03753   0.90222   0.38384   0.27936   0.04761   0.21744   0.17827   2.11017   0.99097   0.53381   0.39519   4.58544  
 38  5.1319   5816.206232  x:  3.06957   0.78394   0.08789   0.51861   0.03812   0.91187   0.38334   0.27914   0.04876   0.21845   0.17680   2.11582   0.99057   0.53587   0.39763   4.58262  
 39  2.5937   5816.201040  x:  3.07431   0.78509   0.08677   0.51966   0.03885   0.91419   0.38218   0.27971   0.04734   0.21732   0.17914   2.11946   0.99041   0.53721   0.39911   4.58053  
 40  2.9548   5816.182426  x:  3.09942   0.79306   0.08528   0.51865   0.03909   0.91384   0.37942   0.28222   0.04814   0.21644   0.17724   2.13627   0.98984   0.54326   0.40591   4.56949  
 41  3.4616   5816.170026  x:  3.11785   0.79723   0.08344   0.51791   0.03971   0.91274   0.38183   0.27931   0.04835   0.21917   0.17856   2.14687   0.98944   0.54630   0.41063   4.56116  
 42  9.3547   5816.163063  x:  3.13029   0.79713   0.08115   0.51824   0.03887   0.91213   0.38655   0.28016   0.04815   0.21742   0.17845   2.15057   0.98921   0.54727   0.41188   4.55502  
 43  4.1005   5816.148924  x:  3.16211   0.79550   0.08257   0.52175   0.03943   0.91249   0.38737   0.28370   0.04685   0.22090   0.17882   2.14857   0.98872   0.54559   0.40895   4.53706  
 44  2.7103   5816.132301  x:  3.20016   0.79456   0.08601   0.52453   0.03908   0.91451   0.38606   0.28084   0.04831   0.21851   0.17895   2.14462   0.98810   0.54219   0.40520   4.51453  
 45 12.3284   5816.129190  x:  3.20643   0.79517   0.08578   0.52158   0.03922   0.91659   0.38608   0.28123   0.04805   0.21855   0.17886   2.14354   0.98799   0.53948   0.40560   4.50851  
 46  2.2299   5816.127166  x:  3.20972   0.79603   0.08481   0.51895   0.03982   0.91808   0.38621   0.28127   0.04817   0.21870   0.17894   2.14277   0.98791   0.54001   0.40373   4.50309  
 47  2.0804   5816.110284  x:  3.22017   0.81460   0.07237   0.52211   0.03922   0.91821   0.38679   0.28145   0.04839   0.21883   0.17914   2.13956   0.98717   0.53375   0.39659   4.43045  
 48  1.1685   5815.545764  x:  3.32852   0.84167   0.07194   0.52995   0.03900   0.93824   0.39608   0.28461   0.05034   0.21947   0.18118   2.19406   0.97354   0.51916   0.37756   2.90411  
 49  4.1560   5815.491887  x:  3.34454   0.85018   0.06807   0.53115   0.03876   0.94075   0.39714   0.28504   0.05051   0.21964   0.18157   2.17667   0.97145   0.53978   0.40292   2.65666  
 50 11.2537   5814.996357  x:  3.14419   0.78506   0.08620   0.51403   0.03897   0.90616   0.38286   0.27832   0.04769   0.21653   0.17754   2.15102   0.97095   0.56761   0.44651   2.23000  
 51  0.2781   5814.931070  x:  3.14149   0.78571   0.08507   0.51515   0.03886   0.90734   0.38262   0.27877   0.04732   0.21722   0.17779   2.13134   0.96995   0.58459   0.46918   2.43577  
 52  0.3698   5814.448501  x:  3.21635   0.78360   0.09317   0.52863   0.03803   0.93348   0.38821   0.28317   0.04498   0.22260   0.18004   2.20099   0.92999   0.58441   0.49776   2.11917  
 53  0.1205   5814.350995  x:  3.21052   0.79097   0.08651   0.52419   0.03861   0.92551   0.38719   0.28167   0.04591   0.22068   0.17940   2.17814   0.92290   0.60894   0.53117   1.90794  
 54  0.3299   5814.296356  x:  3.19985   0.79752   0.08133   0.51849   0.03936   0.91571   0.38619   0.27985   0.04733   0.21804   0.17857   2.15809   0.91910   0.62932   0.55924   1.94896  
 55  0.0951   5814.273678  x:  3.18859   0.79071   0.08541   0.51758   0.03989   0.91352   0.38574   0.28001   0.04719   0.21818   0.17849   2.16669   0.90749   0.64411   0.59393   1.84193  
 56  0.0525   5814.268485  x:  3.20062   0.79282   0.08454   0.51929   0.03968   0.91682   0.38615   0.28043   0.04690   0.21878   0.17870   2.16747   0.90446   0.64644   0.60309   1.85350  
 57  0.0174   5814.267949  x:  3.20226   0.79347   0.08383   0.51929   0.03967   0.91688   0.38605   0.28036   0.04684   0.21875   0.17867   2.16566   0.90314   0.64857   0.60873   1.83756  
 58  0.0161   5814.267876  x:  3.20093   0.79307   0.08405   0.51909   0.03971   0.91652   0.38599   0.28032   0.04687   0.21868   0.17864   2.16560   0.90308   0.64914   0.61039   1.83702  
 59  0.0017   5814.267866  x:  3.20140   0.79319   0.08404   0.51914   0.03970   0.91663   0.38603   0.28033   0.04687   0.21870   0.17865   2.16577   0.90320   0.64945   0.61070   1.83778  
 60  0.0007   5814.267866  x:  3.20134   0.79319   0.08402   0.51914   0.03970   0.91663   0.38603   0.28033   0.04687   0.21870   0.17865   2.16575   0.90323   0.64942   0.61063   1.83788  
 61  0.0001   5814.267866  x:  3.20134   0.79319   0.08402   0.51914   0.03970   0.91663   0.38603   0.28033   0.04687   0.21870   0.17865   2.16575   0.90323   0.64942   0.61063   1.83788  