

TREE # 1

  0  0.0000   5950.175375  x:  1.96113   0.72859   0.05106   0.46447   0.00000   0.67820   0.34087   0.24148   0.07669   0.16693   0.19069   3.00000   0.43784   1.69525  
  1 99.0000   5891.372419  x:  1.99500   0.74344   0.09052   0.47100   0.11522   0.72324   0.35631   0.21548   0.00000   0.17667   0.12299   2.96392   0.76061   1.61717  
  2 367.7783   5868.034095  x:  2.03068   0.75146   0.11812   0.47383   0.16643   0.76695   0.36980   0.24769   0.12757   0.19640   0.15164   2.92571   0.99874   1.54881  
  3 580.1901   5854.787155  x:  2.10657   0.74185   0.11548   0.46986   0.01575   0.82947   0.36100   0.26727   0.09349   0.22215   0.20930   2.84660   1.08697   1.47590  
  4 107.2588   5848.473598  x:  2.18323   0.74527   0.12465   0.49780   0.00000   0.87712   0.37995   0.28307   0.09626   0.20861   0.18395   2.75712   1.07239   1.41861  
  5 71.1221   5836.797002  x:  2.49183   0.74593   0.12494   0.56709   0.07086   1.00219   0.39214   0.25139   0.06821   0.26676   0.26015   2.38277   0.98189   1.17377  
  6 191.6984   5827.879136  x:  2.71260   0.72846   0.06559   0.50572   0.09220   0.92658   0.27708   0.23764   0.08527   0.25347   0.22002   2.10122   0.93702   0.94404  
  7 101.5461   5825.408086  x:  2.77822   0.74421   0.06414   0.45266   0.09949   0.85069   0.32680   0.27345   0.07161   0.25108   0.22717   2.01443   0.92044   0.84821  
  8 61.4130   5825.057981  x:  2.78630   0.75319   0.07091   0.44915   0.09187   0.83547   0.34169   0.25015   0.07769   0.25045   0.22458   2.00729   0.91725   0.82489  
  9 23.2042   5824.820957  x:  2.78490   0.76588   0.07381   0.47609   0.08935   0.82424   0.33655   0.25490   0.07578   0.25602   0.22442   2.02828   0.90887   0.77212  
 10  7.0949   5824.640474  x:  2.78248   0.76226   0.05832   0.47490   0.09224   0.83645   0.34189   0.25376   0.07531   0.25027   0.22438   2.05292   0.89958   0.72379  
 11 10.4337   5824.539048  x:  2.78396   0.76796   0.06826   0.46070   0.09408   0.84949   0.33728   0.25578   0.07537   0.25489   0.22034   2.06707   0.89109   0.70117  
 12  7.3479   5824.210947  x:  2.81730   0.74935   0.09468   0.46139   0.09581   0.84984   0.33370   0.25630   0.07186   0.22851   0.22857   2.08823   0.88312   0.69235  
 13  1.6213   5822.740566  x:  2.96846   0.64249   0.15287   0.47599   0.08968   0.84131   0.35246   0.26296   0.07280   0.24070   0.19579   2.17269   0.84873   0.67366  
 14 21.5051   5820.060964  x:  3.14653   0.78829   0.06848   0.49995   0.07401   0.87222   0.37043   0.27274   0.07063   0.21666   0.15906   2.21770   0.80409   0.69528  
 15  7.4454   5819.246943  x:  2.97970   0.74747   0.10219   0.51774   0.06069   0.89570   0.37349   0.27582   0.06649   0.21050   0.15009   2.07834   0.77981   0.64966  
 16  3.7921   5817.744891  x:  3.08448   0.77689   0.08829   0.52836   0.03536   0.91119   0.38425   0.28319   0.03401   0.21735   0.17975   2.06814   0.70597   0.57595  
 17  0.1751   5816.945542  x:  3.16826   0.78108   0.07153   0.50069   0.04603   0.88599   0.37313   0.27723   0.03195   0.21914   0.17059   2.10054   0.57838   0.43816  
 18  0.1077   5816.631747  x:  3.10147   0.77294   0.07371   0.49958   0.04838   0.88453   0.37076   0.27149   0.04134   0.21716   0.17376   2.10414   0.54986   0.43798  
 19  0.0699   5816.504285  x:  3.04407   0.76895   0.07740   0.50591   0.04509   0.88486   0.37174   0.27172   0.04598   0.21652   0.17629   2.10488   0.53821   0.40100  
 20  0.0986   5816.480570  x:  3.04786   0.77084   0.07886   0.51004   0.03989   0.88842   0.37395   0.27595   0.04560   0.21734   0.17601   2.10833   0.53252   0.39820  
 21  0.0122   5816.478479  x:  3.06061   0.77261   0.07775   0.50899   0.04032   0.88883   0.37415   0.27670   0.04633   0.21689   0.17594   2.10934   0.53374   0.39900  
 22  0.0097   5816.478334  x:  3.06246   0.77227   0.07804   0.50906   0.04025   0.88916   0.37420   0.27644   0.04644   0.21709   0.17597   2.10844   0.53300   0.39823  
 23  0.0022   5816.478329  x:  3.06248   0.77221   0.07806   0.50913   0.04024   0.88920   0.37418   0.27642   0.04645   0.21707   0.17599   2.10833   0.53320   0.39850  
 24  0.0004   5816.478329  x:  3.06252   0.77221   0.07806   0.50915   0.04024   0.88920   0.37417   0.27642   0.04645   0.21706   0.17599   2.10835   0.53318   0.39847  
 25  0.0001   5816.478329  x:  3.06252   0.77221   0.07806   0.50915   0.04024   0.88920   0.37417   0.27642   0.04645   0.21706   0.17599   2.10835   0.53319   0.39847  
 26  0.0000   5816.478329  x:  3.06253   0.77221   0.07806   0.50915   0.04024   0.88920   0.37417   0.27642   0.04645   0.21706   0.17599   2.10835   0.53318   0.39847  
 27  0.0000   5816.478329  x:  3.06252   0.77221   0.07806   0.50915   0.04024   0.88920   0.37417   0.27642   0.04645   0.21706   0.17599   2.10835   0.53318   0.39847  