

TREE # 1

  0  0.0000   5897.049625  x:  1.69664   0.63126   0.04877   0.41457   0.00000   0.59408   0.29953   0.22165   0.07827   0.15156   0.17215   3.00000   1.00004   0.03883   0.23406   3.10921  
  1 99.0000   5880.454238  x:  1.73066   0.66443   0.11536   0.43869   0.14824   0.66138   0.34465   0.23724   0.04845   0.19165   0.16032   2.97199   0.98650   0.05542   0.26123   3.10815  
  2 255.3841   5867.656963  x:  1.85745   0.70017   0.18440   0.46110   0.08899   0.82979   0.39299   0.31804   0.08270   0.23431   0.20383   2.87395   0.94087   0.11311   0.29528   3.10373  
  3 111.9576   5857.233179  x:  1.98203   0.72230   0.22239   0.48348   0.02678   0.95310   0.41191   0.31146   0.01407   0.24099   0.16840   2.77546   0.89722   0.16935   0.27853   3.09953  
  4 198.1181   5851.251440  x:  2.10115   0.72508   0.22279   0.50916   0.02774   1.01299   0.40946   0.27776   0.04946   0.21951   0.14745   2.67592   0.85487   0.22566   0.21205   3.09474  
  5 134.1834   5843.612584  x:  2.29624   0.70924   0.18198   0.53842   0.04528   1.04396   0.37105   0.21669   0.07952   0.17567   0.14550   2.51079   0.77090   0.33435   0.24724   3.08607  
  6 175.5474   5833.319942  x:  2.59160   0.67453   0.08722   0.55855   0.08636   0.99600   0.29432   0.25306   0.04494   0.21881   0.19444   2.24972   0.64238   0.50632   0.20926   3.07049  
  7 179.0017   5829.345917  x:  2.71905   0.69829   0.08850   0.53262   0.08543   0.90815   0.32855   0.30067   0.05236   0.21087   0.14630   2.13631   0.58600   0.59120   0.20808   3.06042  
  8 87.8691   5827.614177  x:  2.78183   0.72773   0.11173   0.50506   0.07725   0.85044   0.36987   0.27769   0.04747   0.21775   0.17371   2.08497   0.56096   0.63665   0.19925   3.05281  
  9 68.5938   5827.458319  x:  2.79836   0.73043   0.11199   0.47799   0.07943   0.85449   0.36246   0.27387   0.05085   0.22550   0.16945   2.10461   0.57071   0.66660   0.19774   3.03747  
 10  5.8391   5827.295123  x:  2.81884   0.73234   0.11033   0.46287   0.08371   0.85818   0.36247   0.27925   0.04640   0.21157   0.17548   2.13281   0.58759   0.70718   0.19268   3.01517  
 11 16.5743   5826.643373  x:  2.90860   0.73324   0.09312   0.48784   0.08059   0.85188   0.38707   0.27807   0.04533   0.21957   0.17500   2.26365   0.68309   0.90114   0.18478   2.90295  
 12 22.2375   5826.433786  x:  2.93353   0.74681   0.10773   0.50281   0.07763   0.84404   0.36967   0.27965   0.04593   0.21889   0.17584   2.29418   0.72699   0.96359   0.18275   2.86163  
 13 24.8570   5823.229371  x:  3.11188   0.74345   0.10341   0.49556   0.06860   0.85598   0.37648   0.27754   0.03683   0.21682   0.18504   2.20131   2.02126   1.94587   0.19616   1.97341  
 14 11.3597   5822.219124  x:  2.96042   0.75435   0.10220   0.50348   0.05864   0.89058   0.37512   0.27295   0.03575   0.21420   0.18614   2.11840   2.25933   2.41844   0.17967   1.69068  
 15 12.1899   5822.191816  x:  2.95947   0.73130   0.11796   0.50300   0.05745   0.88871   0.37503   0.27289   0.03583   0.21389   0.18589   2.11721   2.26549   2.43294   0.17894   1.68020  
 16  1.7901   5821.831997  x:  3.05489   0.74575   0.11150   0.50766   0.04389   0.89826   0.37630   0.27932   0.04730   0.22019   0.17243   2.13679   2.42825   2.61679   0.17882   1.39871  
 17  0.4135   5821.717868  x:  3.10432   0.74644   0.10358   0.50747   0.04690   0.89374   0.37454   0.27912   0.04590   0.21627   0.17486   2.13847   2.65377   2.84670   0.17651   1.00000  
 18  0.2906   5821.702001  x:  3.06970   0.74464   0.10841   0.50687   0.04721   0.89492   0.37495   0.27711   0.04555   0.21768   0.17671   2.13787   2.76825   2.94709   0.17922   1.00000  
 19  0.0732   5821.668650  x:  3.05421   0.74326   0.10941   0.50703   0.04722   0.88995   0.37642   0.27973   0.04543   0.21851   0.17170   2.13994   3.73864   3.92029   0.17972   1.00000  
 20  0.1718   5821.647213  x:  3.06851   0.74485   0.10719   0.50727   0.04708   0.89354   0.37458   0.27785   0.04633   0.21686   0.17632   2.14012   4.17117   4.35294   0.17935   1.00000  
 21  0.3435   5821.637520  x:  3.07161   0.74455   0.10766   0.50651   0.04677   0.89326   0.37536   0.27744   0.04530   0.21829   0.17514   2.13536   5.35474   5.53489   0.17869   1.00000  
 22  0.4319   5821.633829  x:  3.06910   0.74448   0.10754   0.50718   0.04733   0.89328   0.37498   0.27814   0.04606   0.21739   0.17566   2.13860   5.94361   6.12677   0.17958   1.00000  
 23  0.5218   5821.632361  x:  3.07112   0.74473   0.10825   0.50734   0.04704   0.89411   0.37507   0.27795   0.04589   0.21742   0.17576   2.14024   6.90794   7.08854   0.17906   1.00000  
 24  0.4511   5821.631630  x:  3.06970   0.74445   0.10764   0.50695   0.04731   0.89317   0.37507   0.27794   0.04596   0.21759   0.17556   2.13721   7.67828   7.86050   0.17939   1.00000  
 25  0.5633   5821.631338  x:  3.06979   0.74462   0.10781   0.50730   0.04707   0.89364   0.37504   0.27803   0.04592   0.21743   0.17567   2.13979   8.59862   8.78080   0.17927   1.00000  
 26  0.4796   5821.631213  x:  3.06926   0.74454   0.10763   0.50699   0.04719   0.89328   0.37501   0.27792   0.04595   0.21750   0.17561   2.13786   9.39181   9.57338   0.17934   1.00000  
 27  0.4947   5821.631159  x:  3.06952   0.74457   0.10774   0.50718   0.04712   0.89343   0.37504   0.27799   0.04594   0.21746   0.17563   2.13909  10.34483  10.52704   0.17929   1.00000  
 28  0.4759   5821.631136  x:  3.06953   0.74456   0.10769   0.50707   0.04718   0.89340   0.37502   0.27795   0.04594   0.21750   0.17563   2.13824  11.24428  11.42599   0.17932   1.00000  
 29  0.5190   5821.631127  x:  3.06972   0.74456   0.10775   0.50714   0.04716   0.89344   0.37505   0.27798   0.04594   0.21749   0.17563   2.13874  12.13078  12.31285   0.17931   1.00000  
 30  0.4940   5821.631124  x:  3.06963   0.74456   0.10772   0.50710   0.04717   0.89342   0.37503   0.27796   0.04594   0.21749   0.17563   2.13842  12.96445  13.14628   0.17932   1.00000  
 31  0.4632   5821.631122  x:  3.06963   0.74456   0.10773   0.50712   0.04716   0.89342   0.37504   0.27797   0.04594   0.21749   0.17563   2.13862  13.53546  13.71744   0.17931   1.00000  
 32  0.3558   5821.631122  x:  3.06957   0.74456   0.10771   0.50710   0.04716   0.89341   0.37503   0.27796   0.04594   0.21749   0.17563   2.13849  14.13345  14.31532   0.17932   1.00000  
 33  0.3185   5821.631122  x:  3.06955   0.74456   0.10771   0.50710   0.04716   0.89341   0.37503   0.27796   0.04594   0.21749   0.17563   2.13845  14.57425  14.75609   0.17932   1.00000  
 34  2.9364   5821.631121  x:  3.06957   0.74456   0.10771   0.50710   0.04716   0.89341   0.37503   0.27796   0.04594   0.21749   0.17563   2.13849  14.34790  14.52977   0.17932   1.00000  
 35  0.6205   5821.631121  x:  3.06960   0.74456   0.10772   0.50711   0.04716   0.89342   0.37504   0.27797   0.04594   0.21749   0.17563   2.13855  14.34689  14.52881   0.17931   1.00000  
 36  0.0008   5821.631121  x:  3.06961   0.74456   0.10772   0.50711   0.04716   0.89342   0.37504   0.27797   0.04594   0.21749   0.17563   2.13855  14.34883  14.53074   0.17931   1.00000  
 37  0.0011   5821.631121  x:  3.06961   0.74456   0.10772   0.50711   0.04716   0.89342   0.37504   0.27797   0.04594   0.21749   0.17563   2.13855  14.35194  14.53386   0.17931   1.00000  
 38  0.0039   5821.631121  x:  3.06962   0.74456   0.10772   0.50711   0.04716   0.89342   0.37504   0.27797   0.04594   0.21749   0.17563   2.13855  14.35505  14.53697   0.17931   1.00000  
 39  0.0473   5821.631121  x:  3.06960   0.74456   0.10772   0.50711   0.04716   0.89342   0.37504   0.27797   0.04594   0.21749   0.17563   2.13855  14.35782  14.53974   0.17931   1.00000  
 40  0.0007   5821.631121  x:  3.06960   0.74456   0.10772   0.50711   0.04716   0.89342   0.37504   0.27797   0.04594   0.21749   0.17563   2.13855  14.35829  14.54020   0.17931   1.00000  
 41  0.0004   5821.631121  x:  3.06960   0.74456   0.10772   0.50711   0.04716   0.89342   0.37504   0.27797   0.04594   0.21749   0.17563   2.13855  14.35829  14.54020   0.17931   1.00000  
 42  0.0002   5821.631121  x:  3.06960   0.74456   0.10772   0.50711   0.04716   0.89342   0.37504   0.27797   0.04594   0.21749   0.17563   2.13855  14.35828  14.54020   0.17931   1.00000  
 43  0.0001   5821.631121  x:  3.06960   0.74456   0.10772   0.50711   0.04716   0.89342   0.37504   0.27797   0.04594   0.21749   0.17563   2.13855  14.35828  14.54020   0.17931   1.00000  