

TREE # 1

  0  0.0000   5885.499462  x:  1.72470   0.65094   0.05398   0.41639   0.00000   0.60307   0.31070   0.21870   0.07157   0.15843   0.17255   3.00000   0.64222   0.17477  
  1 99.0000   5868.228976  x:  1.75045   0.67038   0.09755   0.43328   0.11798   0.65074   0.33855   0.22779   0.04642   0.17871   0.15218   2.97882   0.58069   0.24245  
  2 276.0135   5858.055106  x:  1.82766   0.69535   0.15577   0.45775   0.11794   0.76223   0.37840   0.29306   0.08807   0.22607   0.20115   2.91804   0.52082   0.21531  
  3 130.7722   5845.512551  x:  1.96780   0.72128   0.21368   0.49025   0.04332   0.91407   0.40831   0.29838   0.01907   0.24386   0.16910   2.81067   0.42723   0.17623  
  4 174.2035   5840.634178  x:  2.09207   0.71325   0.20443   0.51181   0.02777   0.96422   0.39373   0.25853   0.06985   0.19579   0.15166   2.71373   0.38122   0.18563  
  5 90.7276   5835.193456  x:  2.26971   0.69417   0.16930   0.53885   0.07400   0.98462   0.36136   0.22552   0.06892   0.17871   0.16510   2.56834   0.39458   0.13592  
  6 116.2828   5828.440944  x:  2.52834   0.65945   0.09591   0.54830   0.08166   0.95748   0.30076   0.25634   0.04510   0.21049   0.19354   2.35274   0.40161   0.17270  
  7 169.2232   5824.605659  x:  2.69520   0.68282   0.09814   0.52953   0.08229   0.89764   0.33147   0.29585   0.05656   0.22004   0.14445   2.20753   0.44966   0.18490  
  8 98.8289   5822.863313  x:  2.77825   0.71355   0.12003   0.50638   0.07344   0.85574   0.36824   0.27762   0.04822   0.21573   0.17215   2.13496   0.47292   0.20656  
  9 78.3772   5822.794881  x:  2.78325   0.71929   0.11779   0.49114   0.07545   0.84951   0.36648   0.27516   0.04973   0.21985   0.17159   2.13347   0.46118   0.19961  
 10  5.8520   5822.784851  x:  2.78483   0.72113   0.11599   0.48850   0.07613   0.84924   0.36694   0.27770   0.04859   0.21628   0.17250   2.13423   0.45935   0.19854  
 11  3.2512   5822.752342  x:  2.79717   0.73384   0.10127   0.48644   0.07637   0.85478   0.37255   0.27708   0.04859   0.21763   0.17253   2.14508   0.46088   0.19939  
 12  1.5543   5822.712432  x:  2.81461   0.75388   0.09605   0.49017   0.07578   0.85656   0.36592   0.27788   0.04873   0.21791   0.17267   2.15990   0.46223   0.19960  
 13  4.9271   5822.608075  x:  2.86032   0.75108   0.09771   0.50642   0.07243   0.84538   0.37490   0.27912   0.04726   0.21918   0.17385   2.19311   0.45015   0.19249  
 14  2.3161   5822.394427  x:  2.94435   0.72578   0.11988   0.48933   0.06840   0.85964   0.37387   0.27936   0.04557   0.21905   0.17356   2.24502   0.45868   0.19133  
 15  6.4983   5821.711448  x:  3.00081   0.74144   0.11764   0.50639   0.04746   0.89858   0.37707   0.27747   0.04097   0.21872   0.17488   2.15398   0.44873   0.17693  
 16  1.1654   5821.632697  x:  3.05726   0.74401   0.10839   0.50701   0.04688   0.89361   0.37547   0.27843   0.04633   0.21787   0.17517   2.13395   0.45558   0.17989  
 17  0.0508   5821.631168  x:  3.06824   0.74459   0.10765   0.50703   0.04700   0.89320   0.37507   0.27798   0.04597   0.21742   0.17567   2.13911   0.45476   0.17933  
 18  0.0107   5821.631124  x:  3.06929   0.74460   0.10763   0.50710   0.04714   0.89335   0.37500   0.27793   0.04593   0.21748   0.17563   2.13837   0.45466   0.17932  
 19  0.0009   5821.631121  x:  3.06958   0.74456   0.10772   0.50711   0.04717   0.89342   0.37503   0.27796   0.04594   0.21749   0.17562   2.13856   0.45464   0.17931  
 20  0.0003   5821.631121  x:  3.06960   0.74456   0.10772   0.50711   0.04716   0.89342   0.37504   0.27797   0.04594   0.21749   0.17563   2.13855   0.45465   0.17931  
 21  0.0000   5821.631121  x:  3.06960   0.74456   0.10772   0.50711   0.04716   0.89342   0.37504   0.27797   0.04594   0.21749   0.17563   2.13855   0.45465   0.17931  
 22  0.0000   5821.631121  x:  3.06960   0.74456   0.10772   0.50711   0.04716   0.89342   0.37504   0.27797   0.04594   0.21749   0.17563   2.13855   0.45465   0.17931  