

TREE # 1

  0  0.0000   5998.378651  x:  1.43522   0.53298   0.06043   0.34261   0.00000   0.50375   0.26360   0.20095   0.06754   0.14861   0.15778   3.00000   0.90000   0.29457   1.63945   2.21490  
  1 99.0000   5933.339645  x:  1.46429   0.55339   0.09773   0.35570   0.11049   0.55077   0.28718   0.17764   0.01212   0.13960   0.10637   2.98643   0.77635   0.50247   1.60580   2.19860  
  2 546.0409   5909.109947  x:  1.51872   0.57693   0.14019   0.37185   0.13782   0.62550   0.32129   0.24098   0.14139   0.16690   0.18086   2.96339   0.73413   0.66508   1.57172   2.16386  
  3 376.8905   5864.149811  x:  1.72602   0.66589   0.24786   0.44260   0.00000   0.85227   0.40795   0.27575   0.10596   0.24931   0.17489   2.88352   0.89849   0.86882   1.49563   2.02937  
  4 199.0087   5852.400640  x:  1.94179   0.67882   0.18275   0.51485   0.01501   0.90949   0.38390   0.28176   0.08695   0.13666   0.22538   2.76172   0.92839   0.87581   1.40737   1.97439  
  5 84.6166   5838.421494  x:  2.26454   0.69198   0.06533   0.58493   0.00000   0.93820   0.33142   0.27725   0.07356   0.18897   0.24805   2.56021   0.86331   0.84136   1.26160   1.91371  
  6 178.2500   5830.299532  x:  2.55328   0.75156   0.04237   0.61095   0.10624   0.92601   0.34183   0.29045   0.10127   0.24704   0.20630   2.36504   0.86837   0.75953   1.12215   1.85860  
  7 205.5601   5824.278631  x:  2.73552   0.81119   0.09255   0.53980   0.07222   0.86172   0.36419   0.29583   0.13433   0.20837   0.15625   2.22386   0.82572   0.72220   0.98910   1.83517  
  8 99.3788   5822.380874  x:  2.78992   0.81717   0.10774   0.47834   0.07641   0.82314   0.38848   0.27493   0.11313   0.21456   0.20194   2.17254   0.83400   0.72231   0.91718   1.82980  
  9 55.8959   5821.512207  x:  2.80136   0.78325   0.08776   0.43919   0.07912   0.80994   0.39680   0.29803   0.10791   0.21720   0.19114   2.14918   0.85910   0.73701   0.84942   1.83588  
 10 25.9800   5820.755099  x:  2.78885   0.74968   0.10308   0.44404   0.08082   0.81824   0.37747   0.27048   0.12332   0.22112   0.18246   2.12499   0.88411   0.74030   0.74296   1.86667  
 11 17.9272   5820.153893  x:  2.77026   0.73140   0.13234   0.46596   0.08112   0.83623   0.37614   0.29261   0.10711   0.22479   0.19135   2.10121   0.88512   0.72486   0.64472   1.91174  
 12 26.3651   5820.029000  x:  2.77008   0.72730   0.12915   0.46431   0.07993   0.85410   0.39449   0.28785   0.10824   0.22337   0.19069   2.09441   0.88247   0.71835   0.63040   1.93603  
 13  8.1477   5819.586236  x:  2.80113   0.75447   0.12340   0.43778   0.07972   0.89841   0.37828   0.29140   0.10329   0.22792   0.19108   2.07327   0.90708   0.73095   0.62009   2.08421  
 14  6.4702   5819.182410  x:  2.83896   0.76629   0.11830   0.45449   0.06983   0.89119   0.39294   0.29135   0.10143   0.23347   0.18983   2.06230   0.93637   0.75768   0.61637   2.21927  
 15 19.9726   5818.843048  x:  2.91589   0.70044   0.16493   0.45323   0.06977   0.90223   0.39182   0.29367   0.09489   0.23657   0.19050   2.09790   0.94074   0.75675   0.63507   2.29461  
 16  4.2803   5818.006346  x:  3.03474   0.75180   0.14246   0.46149   0.06658   0.91372   0.40112   0.29391   0.08650   0.23624   0.19004   2.29041   0.92781   0.73517   0.58897   2.30547  
 17  2.4588   5815.120833  x:  3.09688   0.81328   0.10261   0.53631   0.03215   0.93159   0.40454   0.29548   0.04710   0.22492   0.18952   2.22038   0.89963   0.71818   0.71815   2.11412  
 18  1.8328   5814.445425  x:  3.14381   0.79102   0.08544   0.53112   0.03845   0.91873   0.38342   0.27756   0.04457   0.21610   0.17731   2.15765   0.90314   0.68373   0.64323   1.99027  
 19  0.1526   5814.331804  x:  3.17631   0.79778   0.07806   0.51513   0.04627   0.90896   0.38524   0.27778   0.04935   0.21755   0.17650   2.16728   0.90137   0.67371   0.63851   1.88540  
 20  0.0620   5814.285701  x:  3.20263   0.79488   0.08459   0.51439   0.04328   0.91243   0.38627   0.28142   0.04434   0.21796   0.17918   2.16693   0.89910   0.66524   0.63601   1.82436  
 21  0.0516   5814.273254  x:  3.20436   0.79345   0.08543   0.51881   0.04005   0.91628   0.38637   0.28020   0.04677   0.21806   0.17793   2.16457   0.89801   0.66476   0.63912   1.80300  
 22  0.0231   5814.271730  x:  3.20284   0.79240   0.08448   0.51956   0.04018   0.91784   0.38591   0.28034   0.04664   0.21875   0.17873   2.16522   0.89811   0.66361   0.63511   1.80587  
 23  0.0043   5814.270518  x:  3.20659   0.79350   0.08359   0.51836   0.03946   0.91670   0.38640   0.28049   0.04679   0.21942   0.17861   2.16583   0.89880   0.65988   0.62899   1.81352  
 24  0.0027   5814.268656  x:  3.20558   0.79414   0.08342   0.51889   0.04002   0.91717   0.38538   0.28019   0.04687   0.21910   0.17867   2.16540   0.90087   0.65160   0.61742   1.82725  
 25  0.0055   5814.267927  x:  3.20259   0.79312   0.08406   0.51944   0.03966   0.91655   0.38599   0.28039   0.04686   0.21855   0.17867   2.16569   0.90286   0.64944   0.61081   1.83803  
 26  0.0084   5814.267869  x:  3.20193   0.79330   0.08396   0.51918   0.03970   0.91667   0.38607   0.28035   0.04687   0.21868   0.17867   2.16591   0.90324   0.64945   0.61070   1.83831  
 27  0.0007   5814.267867  x:  3.20158   0.79319   0.08402   0.51914   0.03970   0.91664   0.38602   0.28033   0.04687   0.21870   0.17865   2.16573   0.90325   0.64941   0.61059   1.83802  
 28  0.0004   5814.267866  x:  3.20135   0.79319   0.08402   0.51915   0.03970   0.91663   0.38603   0.28033   0.04687   0.21870   0.17865   2.16574   0.90323   0.64943   0.61064   1.83787  
 29  0.0002   5814.267866  x:  3.20134   0.79319   0.08403   0.51914   0.03970   0.91663   0.38603   0.28033   0.04687   0.21870   0.17865   2.16575   0.90323   0.64942   0.61063   1.83788  
 30  0.0000   5814.267866  x:  3.20134   0.79319   0.08402   0.51914   0.03970   0.91663   0.38603   0.28033   0.04687   0.21870   0.17865   2.16575   0.90323   0.64942   0.61063   1.83788  