Supplemental results for CODEML (seqf: align.fa  treef: tree.nwk)


MLEs of dN/dS (w) for site classes (K=3)

p:   0.45037  0.54767  0.00196
w:   0.17845  1.00000 124.95075

Naive Empirical Bayes (NEB) probabilities for 3 classes & postmean_w & P(w>1)
(amino acids refer to 1st sequence: xeno|270561947)

   1 M   0.99520 0.00480 0.00000 ( 1)  0.182  0.000
   2 S   0.98016 0.01984 0.00000 ( 1)  0.195  0.000
   3 V   0.07438 0.92562 0.00000 ( 2)  0.939  0.000
   4 W   0.41342 0.58658 0.00000 ( 2)  0.660  0.000
   5 F   0.56327 0.43673 0.00000 ( 1)  0.537  0.000
   6 T   0.00063 0.99816 0.00121 ( 2)  1.150  0.001
   7 W   0.53165 0.46835 0.00000 ( 1)  0.563  0.000
   8 A   0.16818 0.83182 0.00000 ( 2)  0.862  0.000
   9 F   0.57774 0.42226 0.00000 ( 1)  0.525  0.000
  10 L   0.91318 0.08682 0.00000 ( 1)  0.250  0.000
  11 I   0.02537 0.97394 0.00069 ( 2)  1.065  0.001
  12 S   0.11615 0.88384 0.00001 ( 2)  0.905  0.000
  13 Q   0.00111 0.99888 0.00000 ( 2)  0.999  0.000
  14 C   0.40089 0.59911 0.00000 ( 2)  0.671  0.000
  15 F   0.55855 0.44145 0.00000 ( 1)  0.541  0.000
  16 V   0.45318 0.54682 0.00000 ( 2)  0.628  0.000
  17 L   0.01236 0.98764 0.00000 ( 2)  0.990  0.000
  18 Q   0.02351 0.97648 0.00001 ( 2)  0.981  0.000
  19 I   0.67485 0.32515 0.00000 ( 1)  0.446  0.000
  20 A   0.78056 0.21944 0.00000 ( 1)  0.359  0.000
  21 G   0.96842 0.03158 0.00000 ( 1)  0.204  0.000
  22 L   0.06943 0.93057 0.00000 ( 2)  0.943  0.000
  23 L   0.56645 0.43354 0.00000 ( 1)  0.535  0.000
  24 H   0.94777 0.05223 0.00000 ( 1)  0.221  0.000
  25 P   0.65969 0.34031 0.00000 ( 1)  0.458  0.000
  26 P   0.98599 0.01401 0.00000 ( 1)  0.190  0.000
  27 L   0.04062 0.95938 0.00000 ( 2)  0.967  0.000
  28 N   0.99268 0.00732 0.00000 ( 1)  0.184  0.000
  29 V   0.95186 0.04814 0.00000 ( 1)  0.218  0.000
  30 T   0.14676 0.85324 0.00000 ( 2)  0.880  0.000
  31 T   0.24268 0.75732 0.00000 ( 2)  0.801  0.000
  32 I   0.77515 0.22485 0.00000 ( 1)  0.363  0.000
  33 S   0.95343 0.04657 0.00000 ( 1)  0.217  0.000
  34 R   0.68105 0.31895 0.00000 ( 1)  0.440  0.000
  35 N   0.98567 0.01433 0.00000 ( 1)  0.190  0.000
  36 F   0.10364 0.89636 0.00000 ( 2)  0.915  0.000
  37 R   0.96488 0.03512 0.00000 ( 1)  0.207  0.000
  38 L   0.93569 0.06431 0.00000 ( 1)  0.231  0.000
  39 F   0.99168 0.00832 0.00000 ( 1)  0.185  0.000
  40 L   0.95703 0.04297 0.00000 ( 1)  0.214  0.000
  41 T   0.87948 0.12052 0.00000 ( 1)  0.277  0.000
  42 W   0.86577 0.13423 0.00000 ( 1)  0.289  0.000
  43 A   0.64629 0.35371 0.00000 ( 1)  0.469  0.000
  44 P   0.98172 0.01828 0.00000 ( 1)  0.193  0.000
  45 D   0.31734 0.68266 0.00000 ( 2)  0.739  0.000
  46 P   0.23269 0.76731 0.00000 ( 2)  0.809  0.000
  47 R   0.00249 0.99750 0.00002 ( 2)  1.000  0.000
  48 N   0.79740 0.20260 0.00000 ( 1)  0.345  0.000
  49 P   0.54052 0.45948 0.00000 ( 1)  0.556  0.000
  50 P   0.42178 0.57822 0.00000 ( 2)  0.653  0.000
  51 N   0.04821 0.95178 0.00001 ( 2)  0.961  0.000
  52 V   0.98458 0.01542 0.00000 ( 1)  0.191  0.000
  53 S   0.42647 0.57353 0.00000 ( 2)  0.650  0.000
  54 Y   0.98312 0.01688 0.00000 ( 1)  0.192  0.000
  55 Q   0.31933 0.68067 0.00000 ( 2)  0.738  0.000
  56 V   0.97885 0.02115 0.00000 ( 1)  0.196  0.000
  57 A   0.03064 0.96936 0.00000 ( 2)  0.975  0.000
  58 Y   0.96017 0.03983 0.00000 ( 1)  0.211  0.000
  59 Y   0.00300 0.99700 0.00000 ( 2)  0.998  0.000
  60 M   0.16255 0.83745 0.00000 ( 2)  0.866  0.000
  61 F   0.07165 0.92822 0.00012 ( 2)  0.956  0.000
  62 I   0.06074 0.93925 0.00001 ( 2)  0.951  0.000
  63 E   0.11139 0.88861 0.00000 ( 2)  0.909  0.000
  64 K   0.35390 0.64610 0.00000 ( 2)  0.709  0.000
  65 K   0.90664 0.09336 0.00000 ( 1)  0.255  0.000
  66 W   0.86577 0.13423 0.00000 ( 1)  0.289  0.000
  67 N   0.41486 0.58514 0.00000 ( 2)  0.660  0.000
  68 K   0.00019 0.82844 0.17137 ( 2) 22.242  0.171
  69 -   0.73400 0.26600 0.00000 ( 1)  0.397  0.000
  70 K   0.48947 0.51053 0.00000 ( 2)  0.598  0.000
  71 N   0.00215 0.99783 0.00001 ( 2)  1.000  0.000
  72 C   0.98258 0.01742 0.00000 ( 1)  0.193  0.000
  73 R   0.09234 0.90766 0.00000 ( 2)  0.924  0.000
  74 N   0.99444 0.00556 0.00000 ( 1)  0.183  0.000
  75 I   0.86273 0.13727 0.00000 ( 1)  0.291  0.000
  76 T   0.80319 0.19681 0.00000 ( 1)  0.340  0.000
  77 G   0.05191 0.94808 0.00001 ( 2)  0.958  0.000
  78 K   0.92029 0.07971 0.00000 ( 1)  0.244  0.000
  79 E   0.85789 0.14211 0.00000 ( 1)  0.295  0.000
  80 C   0.98692 0.01308 0.00000 ( 1)  0.189  0.000
  81 D   0.21052 0.78948 0.00000 ( 2)  0.827  0.000
  82 L   0.32003 0.67997 0.00000 ( 2)  0.737  0.000
  83 T   0.96475 0.03525 0.00000 ( 1)  0.207  0.000
  84 C   0.98258 0.01742 0.00000 ( 1)  0.193  0.000
  85 L   0.01777 0.98222 0.00001 ( 2)  0.987  0.000
  86 F   0.67274 0.32726 0.00000 ( 1)  0.447  0.000
  87 Y   0.21197 0.78803 0.00000 ( 2)  0.826  0.000
  88 T   0.17696 0.82304 0.00000 ( 2)  0.855  0.000
  89 H   0.00223 0.99771 0.00005 ( 2)  1.004  0.000
  90 N   0.22616 0.77381 0.00002 ( 2)  0.817  0.000
  91 Y   0.66624 0.33376 0.00000 ( 1)  0.453  0.000
  92 I   0.00080 0.99879 0.00041 ( 2)  1.051  0.000
  93 V   0.98458 0.01542 0.00000 ( 1)  0.191  0.000
  94 G   0.03305 0.96695 0.00000 ( 2)  0.973  0.000
  95 V   0.93914 0.06086 0.00000 ( 1)  0.228  0.000
  96 R   0.27004 0.72996 0.00000 ( 2)  0.778  0.000
  97 T   0.38231 0.61767 0.00001 ( 2)  0.688  0.000
  98 K   0.03014 0.96986 0.00000 ( 2)  0.976  0.000
  99 F   0.70181 0.29819 0.00000 ( 1)  0.423  0.000
 100 G   0.14053 0.85947 0.00000 ( 2)  0.885  0.000
 101 S   0.83198 0.16802 0.00000 ( 1)  0.317  0.000
 102 S   0.00069 0.99930 0.00001 ( 2)  1.001  0.000
 103 M   0.48334 0.51666 0.00000 ( 2)  0.603  0.000
 104 S   0.96668 0.03332 0.00000 ( 1)  0.206  0.000
 105 K   0.05283 0.94705 0.00012 ( 2)  0.971  0.000
 106 W   0.86577 0.13423 0.00000 ( 1)  0.289  0.000
 107 E   0.61299 0.38701 0.00000 ( 1)  0.496  0.000
 108 E   0.29680 0.70320 0.00000 ( 2)  0.756  0.000
 109 I   0.66913 0.33087 0.00000 ( 1)  0.450  0.000
 110 K   0.03045 0.96954 0.00001 ( 2)  0.976  0.000
 111 D   0.98043 0.01957 0.00000 ( 1)  0.195  0.000
 112 I   0.99030 0.00970 0.00000 ( 1)  0.186  0.000
 113 S   0.00447 0.99553 0.00000 ( 2)  0.996  0.000
 114 Y   0.95264 0.04736 0.00000 ( 1)  0.217  0.000
 115 I   0.15605 0.84394 0.00000 ( 2)  0.872  0.000
 116 F   0.76457 0.23543 0.00000 ( 1)  0.372  0.000
 117 T   0.98439 0.01561 0.00000 ( 1)  0.191  0.000
 118 V   0.92519 0.07481 0.00000 ( 1)  0.240  0.000
 119 D   0.93916 0.06084 0.00000 ( 1)  0.228  0.000
 120 P   0.97935 0.02065 0.00000 ( 1)  0.195  0.000
 121 E   0.77269 0.22731 0.00000 ( 1)  0.365  0.000
 122 A   0.89336 0.10664 0.00000 ( 1)  0.266  0.000
 123 P   0.97910 0.02090 0.00000 ( 1)  0.196  0.000
 124 T   0.21002 0.78997 0.00000 ( 2)  0.828  0.000
 125 L   0.73044 0.26956 0.00000 ( 1)  0.400  0.000
 126 E   0.68740 0.31260 0.00000 ( 1)  0.435  0.000
 127 V   0.98458 0.01542 0.00000 ( 1)  0.191  0.000
 128 K   0.56804 0.43196 0.00000 ( 1)  0.533  0.000
 129 F   0.01408 0.98592 0.00000 ( 2)  0.988  0.000
 130 V   0.81699 0.18301 0.00000 ( 1)  0.329  0.000
 131 D   0.83076 0.16924 0.00000 ( 1)  0.317  0.000
 132 K   0.09285 0.90715 0.00000 ( 2)  0.924  0.000
 133 S   0.00552 0.99446 0.00001 ( 2)  0.997  0.000
 134 M   0.04634 0.95366 0.00000 ( 2)  0.962  0.000
 135 Y   0.09553 0.90447 0.00000 ( 2)  0.922  0.000
 136 I   0.57574 0.42426 0.00000 ( 1)  0.527  0.000
 137 N   0.44340 0.55660 0.00000 ( 2)  0.636  0.000
 138 A   0.00308 0.99663 0.00030 ( 2)  1.034  0.000
 139 A   0.00865 0.99135 0.00000 ( 2)  0.993  0.000
 140 V   0.00068 0.99919 0.00013 ( 2)  1.015  0.000
 141 K   0.01550 0.98450 0.00000 ( 2)  0.988  0.000
 142 T   0.00381 0.99580 0.00039 ( 2)  1.045  0.000
 143 P   0.97790 0.02210 0.00000 ( 1)  0.197  0.000
 144 H   0.00003 0.63291 0.36706 ( 2) 46.497  0.367
 145 C   0.95329 0.04671 0.00000 ( 1)  0.217  0.000
 146 I   0.07299 0.92701 0.00000 ( 2)  0.940  0.000
 147 K   0.00390 0.99610 0.00000 ( 2)  0.997  0.000
 148 D   0.00097 0.99895 0.00009 ( 2)  1.010  0.000
 149 I   0.02005 0.97985 0.00009 ( 2)  0.995  0.000
 150 Y   0.13812 0.86188 0.00000 ( 2)  0.887  0.000
 151 -   0.79072 0.20928 0.00000 ( 1)  0.350  0.000
 152 -   0.00028 0.99142 0.00829 ( 2)  2.028  0.008
 153 -   0.47464 0.52536 0.00000 ( 2)  0.610  0.000
 154 N   0.01645 0.98353 0.00002 ( 2)  0.990  0.000
 155 L   0.74607 0.25393 0.00000 ( 1)  0.387  0.000
 156 K   0.00931 0.99068 0.00001 ( 2)  0.993  0.000
 157 Y   0.90956 0.09044 0.00000 ( 1)  0.253  0.000
 158 N   0.00220 0.99759 0.00022 ( 2)  1.025  0.000
 159 I   0.80700 0.19300 0.00000 ( 1)  0.337  0.000
 160 E   0.03947 0.96053 0.00001 ( 2)  0.968  0.000
 161 N   0.02167 0.97831 0.00002 ( 2)  0.985  0.000
 162 A   0.09483 0.90517 0.00000 ( 2)  0.922  0.000
 163 P   0.02369 0.97628 0.00003 ( 2)  0.984  0.000
 164 K   0.04384 0.95616 0.00000 ( 2)  0.964  0.000
 165 Q   0.61184 0.38816 0.00000 ( 1)  0.497  0.000
 166 I   0.55333 0.44667 0.00000 ( 1)  0.545  0.000
 167 K   0.76201 0.23799 0.00000 ( 1)  0.374  0.000
 168 F   0.58143 0.41857 0.00000 ( 1)  0.522  0.000
 169 K   0.77559 0.22441 0.00000 ( 1)  0.363  0.000
 170 E   0.84374 0.15626 0.00000 ( 1)  0.307  0.000
 171 V   0.59438 0.40562 0.00000 ( 1)  0.512  0.000
 172 K   0.00238 0.97403 0.02360 ( 2)  3.923  0.024
 173 M   0.19635 0.80365 0.00000 ( 2)  0.839  0.000
 174 N   0.00296 0.99704 0.00000 ( 2)  0.998  0.000
 175 S   0.16333 0.83666 0.00000 ( 2)  0.866  0.000
 176 A   0.42749 0.57251 0.00000 ( 2)  0.649  0.000
 177 V   0.04378 0.95620 0.00002 ( 2)  0.966  0.000
 178 I   0.25485 0.74515 0.00000 ( 2)  0.791  0.000
 179 L   0.00356 0.99641 0.00003 ( 2)  1.001  0.000
 180 D   0.87640 0.12360 0.00000 ( 1)  0.280  0.000
 181 T   0.89881 0.10119 0.00000 ( 1)  0.262  0.000
 182 T   0.67983 0.32017 0.00000 ( 1)  0.441  0.000
 183 G   0.96978 0.03022 0.00000 ( 1)  0.203  0.000
 184 L   0.41357 0.58643 0.00000 ( 2)  0.660  0.000
 185 S   0.87684 0.12316 0.00000 ( 1)  0.280  0.000
 186 G   0.96876 0.03124 0.00000 ( 1)  0.204  0.000
 187 N   0.85746 0.14254 0.00000 ( 1)  0.296  0.000
 188 Y   0.97260 0.02740 0.00000 ( 1)  0.201  0.000
 189 C   0.98735 0.01265 0.00000 ( 1)  0.189  0.000
 190 V   0.21554 0.78446 0.00000 ( 2)  0.823  0.000
 191 E   0.89601 0.10399 0.00000 ( 1)  0.264  0.000
 192 A   0.41993 0.58007 0.00000 ( 2)  0.655  0.000
 193 L   0.19454 0.80546 0.00000 ( 2)  0.840  0.000
 194 T   0.96806 0.03194 0.00000 ( 1)  0.205  0.000
 195 V   0.21228 0.78772 0.00000 ( 2)  0.826  0.000
 196 F   0.56298 0.43701 0.00000 ( 1)  0.538  0.000
 197 T   0.58668 0.41332 0.00000 ( 1)  0.518  0.000
 198 M   0.55017 0.44983 0.00000 ( 1)  0.548  0.000
 199 E   0.00480 0.99515 0.00006 ( 2)  1.003  0.000
 200 Q   0.12766 0.87234 0.00000 ( 2)  0.895  0.000
 201 K   0.00284 0.99714 0.00002 ( 2)  1.000  0.000
 202 K   0.99147 0.00853 0.00000 ( 1)  0.185  0.000
 203 I   0.00009 0.99234 0.00757 ( 2)  1.938  0.008
 204 S   0.98107 0.01893 0.00000 ( 1)  0.194  0.000
 205 Q   0.02817 0.97183 0.00000 ( 2)  0.977  0.000
 206 P   0.18672 0.81328 0.00000 ( 2)  0.847  0.000
 207 S   0.95343 0.04657 0.00000 ( 1)  0.217  0.000
 208 K   0.00005 0.99547 0.00448 ( 2)  1.555  0.004
 209 P   0.98231 0.01769 0.00000 ( 1)  0.193  0.000
 210 F   0.40550 0.59449 0.00000 ( 2)  0.667  0.000
 211 C   0.95032 0.04968 0.00000 ( 1)  0.219  0.000
 212 H   0.43552 0.56448 0.00000 ( 2)  0.642  0.000
 213 L   0.37670 0.62330 0.00000 ( 2)  0.691  0.000
 214 F   0.30502 0.69433 0.00066 ( 2)  0.831  0.001
 215 -   0.19309 0.80686 0.00004 ( 2)  0.847  0.000
 216 -   0.21194 0.78806 0.00000 ( 2)  0.826  0.000
 217 K   0.94420 0.05580 0.00000 ( 1)  0.224  0.000
 218 D   0.99477 0.00523 0.00000 ( 1)  0.183  0.000
 219 E   0.21579 0.78421 0.00000 ( 2)  0.823  0.000
 220 E   0.00026 0.99952 0.00022 ( 2)  1.027  0.000
 221 Y   0.04078 0.95919 0.00002 ( 2)  0.969  0.000
 222 N   0.55729 0.44271 0.00000 ( 1)  0.542  0.000
 223 S   0.02300 0.97698 0.00002 ( 2)  0.984  0.000
 224 G   0.03938 0.96062 0.00000 ( 2)  0.968  0.000
 225 H   0.02893 0.97106 0.00001 ( 2)  0.977  0.000
 226 N   0.00718 0.99282 0.00000 ( 2)  0.994  0.000
 227 W   0.00039 0.99497 0.00464 ( 2)  1.574  0.005
 228 S   0.00761 0.99239 0.00000 ( 2)  0.994  0.000
 229 F   0.02386 0.97598 0.00016 ( 2)  1.001  0.000
 230 A   0.01976 0.97846 0.00178 ( 2)  1.205  0.002
 231 V   0.08479 0.91516 0.00005 ( 2)  0.936  0.000
 232 L   0.00290 0.98885 0.00825 ( 2)  2.020  0.008
 233 I   0.15746 0.84190 0.00064 ( 2)  0.950  0.001
 234 L   0.01656 0.98336 0.00009 ( 2)  0.997  0.000
 235 F   0.00692 0.98949 0.00358 ( 2)  1.439  0.004
 236 P   0.00460 0.99533 0.00007 ( 2)  1.004  0.000
 237 I   0.21950 0.78045 0.00006 ( 2)  0.827  0.000
 238 L   0.26404 0.73594 0.00002 ( 2)  0.785  0.000
 239 L   0.00175 0.91878 0.07947 ( 2) 10.849  0.079
 240 I   0.01001 0.98858 0.00142 ( 2)  1.167  0.001
 241 S   0.04157 0.95760 0.00083 ( 2)  1.069  0.001
 242 G   0.00904 0.98130 0.00965 ( 2)  2.189  0.010
 243 I   0.01958 0.97061 0.00981 ( 2)  2.200  0.010
 244 L   0.23930 0.76069 0.00002 ( 2)  0.805  0.000
 245 L   0.58948 0.41049 0.00003 ( 1)  0.519  0.000
 246 Y   0.21215 0.78785 0.00000 ( 2)  0.826  0.000
 247 T   0.00211 0.99615 0.00173 ( 2)  1.213  0.002
 248 S   0.00337 0.99383 0.00281 ( 2)  1.345  0.003
 249 -   0.52723 0.47276 0.00001 ( 1)  0.568  0.000
 250 -   0.54995 0.45002 0.00002 ( 1)  0.551  0.000
 251 -   0.51460 0.48516 0.00024 ( 1)  0.607  0.000
 252 -   0.90940 0.09060 0.00000 ( 1)  0.253  0.000
 253 -   0.38595 0.61405 0.00000 ( 2)  0.683  0.000
 254 -   0.82517 0.17483 0.00000 ( 1)  0.322  0.000
 255 -   0.02904 0.96437 0.00660 ( 2)  1.794  0.007
 256 -   0.87570 0.12430 0.00000 ( 1)  0.281  0.000
 257 -   0.17490 0.82488 0.00022 ( 2)  0.883  0.000
 258 S   0.09358 0.90606 0.00036 ( 2)  0.968  0.000
 259 P   0.52470 0.47530 0.00000 ( 1)  0.569  0.000
 260 D   0.98646 0.01354 0.00000 ( 1)  0.190  0.000
 261 I   0.15734 0.84263 0.00002 ( 2)  0.874  0.000
 262 L   0.58586 0.41414 0.00000 ( 1)  0.519  0.000
 263 A   0.01840 0.98095 0.00065 ( 2)  1.065  0.001
 264 K   0.00854 0.99142 0.00004 ( 2)  0.998  0.000
 265 Q   0.59740 0.40259 0.00000 ( 1)  0.510  0.000
 266 R   0.03768 0.96230 0.00002 ( 2)  0.971  0.000
 267 G   0.04519 0.95458 0.00023 ( 2)  0.991  0.000
 268 Q   0.19233 0.80767 0.00000 ( 2)  0.842  0.000
 269 L   0.34887 0.65112 0.00001 ( 2)  0.714  0.000
 270 L   0.18389 0.81608 0.00004 ( 2)  0.854  0.000
 271 W   0.00079 0.99668 0.00253 ( 2)  1.313  0.003
 272 I   0.09659 0.90341 0.00000 ( 2)  0.921  0.000
 273 F   0.08189 0.91681 0.00130 ( 2)  1.094  0.001
 274 P   0.95651 0.04349 0.00000 ( 1)  0.214  0.000
 275 D   0.00918 0.99002 0.00079 ( 2)  1.091  0.001
 276 -   0.27814 0.72119 0.00068 ( 2)  0.855  0.001
 277 -   0.38647 0.61351 0.00002 ( 2)  0.686  0.000
 278 -   0.04693 0.95179 0.00128 ( 2)  1.120  0.001
 279 -   0.89007 0.10993 0.00000 ( 1)  0.269  0.000
 280 -   0.01907 0.98053 0.00041 ( 2)  1.035  0.000
 281 -   0.18012 0.81986 0.00002 ( 2)  0.854  0.000
 282 -   0.15797 0.84198 0.00006 ( 2)  0.877  0.000
 283 -   0.47253 0.52743 0.00004 ( 2)  0.616  0.000
 284 -   0.88427 0.11573 0.00000 ( 1)  0.274  0.000
 285 -   0.01726 0.97723 0.00552 ( 2)  1.670  0.006
 286 -   0.62695 0.37304 0.00001 ( 1)  0.486  0.000
 287 -   0.00364 0.99155 0.00481 ( 2)  1.593  0.005
 288 -   0.00448 0.99438 0.00114 ( 2)  1.138  0.001
 289 -   0.51932 0.48007 0.00061 ( 1)  0.650  0.001
 290 -   0.01999 0.97478 0.00523 ( 2)  1.632  0.005
 291 -   0.55702 0.44297 0.00000 ( 1)  0.543  0.000
 292 -   0.81640 0.18360 0.00000 ( 1)  0.329  0.000
 293 -   0.11666 0.88332 0.00002 ( 2)  0.907  0.000
 294 -   0.41470 0.58510 0.00020 ( 2)  0.685  0.000
 295 -   0.40960 0.59038 0.00002 ( 2)  0.666  0.000
 296 -   0.83549 0.16451 0.00000 ( 1)  0.314  0.000
 297 -   0.90940 0.09060 0.00000 ( 1)  0.253  0.000
 298 -   0.18146 0.81845 0.00009 ( 2)  0.862  0.000
 299 -   0.34608 0.65363 0.00029 ( 2)  0.752  0.000
 300 -   0.15299 0.84664 0.00037 ( 2)  0.921  0.000
 301 -   0.53870 0.46130 0.00000 ( 1)  0.558  0.000
 302 -   0.65616 0.34383 0.00001 ( 1)  0.462  0.000
 303 -   0.03474 0.96465 0.00061 ( 2)  1.048  0.001
 304 -   0.02468 0.97511 0.00021 ( 2)  1.006  0.000
 305 -   0.24533 0.75454 0.00013 ( 2)  0.814  0.000
 306 -   0.93064 0.06936 0.00000 ( 1)  0.235  0.000
 307 -   0.83611 0.16389 0.00000 ( 1)  0.313  0.000
 308 -   0.40918 0.59082 0.00000 ( 2)  0.664  0.000
 309 -   0.22710 0.77262 0.00028 ( 2)  0.848  0.000
 310 -   0.89062 0.10937 0.00001 ( 1)  0.269  0.000
 311 -   0.77737 0.22263 0.00000 ( 1)  0.361  0.000
 312 -   0.81170 0.18830 0.00001 ( 1)  0.334  0.000
 313 -   0.42924 0.57073 0.00003 ( 2)  0.651  0.000
 314 -   0.03320 0.96656 0.00025 ( 2)  1.003  0.000
 315 -   0.76893 0.23107 0.00000 ( 1)  0.368  0.000
 316 -   0.82735 0.17265 0.00000 ( 1)  0.320  0.000
 317 -   0.77945 0.22055 0.00000 ( 1)  0.360  0.000
 318 -   0.77737 0.22263 0.00000 ( 1)  0.361  0.000
 319 -   0.92609 0.07391 0.00000 ( 1)  0.239  0.000
 320 -   0.80328 0.19672 0.00000 ( 1)  0.340  0.000
 321 -   0.69050 0.30950 0.00000 ( 1)  0.433  0.000
 322 -   0.78444 0.21556 0.00000 ( 1)  0.356  0.000
 323 -   0.89902 0.10098 0.00000 ( 1)  0.262  0.000
 324 -   0.92609 0.07391 0.00000 ( 1)  0.239  0.000
 325 -   0.46205 0.53795 0.00000 ( 2)  0.621  0.000
 326 -   0.15534 0.84374 0.00092 ( 2)  0.986  0.001
 327 -   0.78119 0.21880 0.00001 ( 1)  0.359  0.000
 328 -   0.10792 0.89113 0.00095 ( 2)  1.029  0.001
 329 -   0.10289 0.89701 0.00010 ( 2)  0.928  0.000
 330 -   0.09465 0.90530 0.00005 ( 2)  0.929  0.000
 331 -   0.90476 0.09524 0.00000 ( 1)  0.257  0.000
 332 -   0.88241 0.11759 0.00000 ( 1)  0.275  0.000
 333 -   0.05946 0.94045 0.00009 ( 2)  0.963  0.000
 334 -   0.10304 0.89692 0.00004 ( 2)  0.920  0.000
 335 -   0.16897 0.83100 0.00002 ( 2)  0.864  0.000
 336 -   0.86591 0.13409 0.00000 ( 1)  0.289  0.000
 337 -   0.77743 0.22257 0.00000 ( 1)  0.361  0.000
 338 -   0.15780 0.84219 0.00001 ( 2)  0.871  0.000
 339 -   0.81387 0.18613 0.00000 ( 1)  0.331  0.000
 340 -   0.35568 0.64432 0.00000 ( 2)  0.708  0.000
 341 -   0.84826 0.15174 0.00000 ( 1)  0.303  0.000
 342 -   0.93274 0.06726 0.00000 ( 1)  0.234  0.000
 343 -   0.88269 0.11731 0.00000 ( 1)  0.275  0.000
 344 -   0.79701 0.20299 0.00000 ( 1)  0.345  0.000
 345 -   0.83019 0.16981 0.00000 ( 1)  0.318  0.000
 346 -   0.79701 0.20299 0.00000 ( 1)  0.345  0.000
 347 -   0.86590 0.13410 0.00000 ( 1)  0.289  0.000
 348 -   0.02094 0.97857 0.00049 ( 2)  1.043  0.000
 349 -   0.12361 0.87018 0.00622 ( 2)  1.669  0.006
 350 -   0.17724 0.82053 0.00224 ( 2)  1.132  0.002
 351 -   0.37411 0.62588 0.00000 ( 2)  0.693  0.000
 352 -   0.14613 0.85381 0.00006 ( 2)  0.887  0.000
 353 -   0.12390 0.87491 0.00119 ( 2)  1.046  0.001
 354 -   0.12573 0.87424 0.00003 ( 2)  0.900  0.000
 355 -   0.27834 0.72155 0.00011 ( 2)  0.784  0.000
 356 -   0.41026 0.58974 0.00000 ( 2)  0.663  0.000
 357 -   0.08966 0.90735 0.00299 ( 2)  1.297  0.003
 358 -   0.43532 0.56467 0.00000 ( 2)  0.643  0.000
 359 -   0.93064 0.06936 0.00000 ( 1)  0.235  0.000
 360 -   0.52595 0.47404 0.00000 ( 1)  0.568  0.000
 361 -   0.41142 0.58858 0.00000 ( 2)  0.662  0.000
 362 -   0.17558 0.82440 0.00002 ( 2)  0.858  0.000
 363 -   0.58307 0.41692 0.00000 ( 1)  0.522  0.000
 364 -   0.81373 0.18627 0.00000 ( 1)  0.332  0.000
 365 -   0.80365 0.19635 0.00000 ( 1)  0.340  0.000
 366 -   0.91258 0.08742 0.00000 ( 1)  0.250  0.000
 367 -   0.22053 0.77944 0.00003 ( 2)  0.822  0.000
 368 -   0.14875 0.85118 0.00007 ( 2)  0.886  0.000
 369 -   0.46242 0.53754 0.00004 ( 2)  0.625  0.000
 370 -   0.62586 0.37413 0.00001 ( 1)  0.487  0.000
 371 -   0.32946 0.67052 0.00002 ( 2)  0.732  0.000
 372 -   0.04389 0.95596 0.00015 ( 2)  0.982  0.000
 373 -   0.01664 0.98209 0.00127 ( 2)  1.143  0.001
 374 -   0.88275 0.11725 0.00000 ( 1)  0.275  0.000
 375 -   0.33552 0.66442 0.00006 ( 2)  0.732  0.000
 376 -   0.45983 0.54016 0.00000 ( 2)  0.623  0.000
 377 -   0.35493 0.64507 0.00000 ( 2)  0.709  0.000
 378 -   0.15444 0.84554 0.00002 ( 2)  0.876  0.000
 379 -   0.86105 0.13895 0.00000 ( 1)  0.293  0.000
 380 -   0.76159 0.23840 0.00001 ( 1)  0.376  0.000
 381 -   0.86675 0.13325 0.00000 ( 1)  0.288  0.000
 382 S   0.92427 0.07573 0.00000 ( 1)  0.241  0.000
 383 A   0.86645 0.13355 0.00000 ( 1)  0.288  0.000
 384 G   0.77857 0.22143 0.00000 ( 1)  0.360  0.000
 385 N   0.72158 0.27842 0.00000 ( 1)  0.407  0.000
 386 C   0.83606 0.16394 0.00000 ( 1)  0.313  0.000
 387 V   0.03131 0.96864 0.00006 ( 2)  0.981  0.000
 388 P   0.06310 0.93655 0.00035 ( 2)  0.992  0.000
 389 Q   0.61194 0.38806 0.00000 ( 1)  0.497  0.000
 390 S   0.04430 0.95517 0.00053 ( 2)  1.030  0.001
 391 F   0.96584 0.03416 0.00000 ( 1)  0.207  0.000

Positively selected sites

	Prob(w>1)  mean w



lnL = -5821.541591

Bayes Empirical Bayes (BEB) probabilities for 3 classes (class) & postmean_w
(amino acids refer to 1st sequence: xeno|270561947)

   1 M   0.99584 0.00410 0.00006 ( 1)  0.202 +-  0.072
   2 S   0.98322 0.01633 0.00045 ( 1)  0.212 +-  0.116
   3 V   0.12820 0.77676 0.09505 ( 2)  0.957 +-  0.340
   4 W   0.49592 0.47925 0.02483 ( 1)  0.623 +-  0.417
   5 F   0.62636 0.35305 0.02059 ( 1)  0.514 +-  0.409
   6 T   0.00172 0.62658 0.37170 ( 2)  1.414 +-  0.809
   7 W   0.59675 0.37995 0.02331 ( 1)  0.539 +-  0.415
   8 A   0.24788 0.68638 0.06574 ( 2)  0.846 +-  0.393
   9 F   0.64286 0.34240 0.01474 ( 1)  0.498 +-  0.398
  10 L   0.92768 0.06931 0.00301 ( 1)  0.259 +-  0.221
  11 I   0.04242 0.70655 0.25103 ( 2)  1.218 +-  0.654
  12 S   0.19115 0.74364 0.06521 ( 2)  0.889 +-  0.354
  13 Q   0.00375 0.78662 0.20963 ( 2)  1.142 +-  0.359
  14 C   0.48390 0.48957 0.02653 ( 2)  0.633 +-  0.418
  15 F   0.63169 0.35871 0.00960 ( 1)  0.506 +-  0.393
  16 V   0.52904 0.44490 0.02606 ( 1)  0.597 +-  0.421
  17 L   0.02944 0.83092 0.13963 ( 2)  1.060 +-  0.277
  18 Q   0.05221 0.82421 0.12358 ( 2)  1.035 +-  0.302
  19 I   0.72580 0.26292 0.01129 ( 1)  0.429 +-  0.372
  20 A   0.81633 0.17554 0.00813 ( 1)  0.353 +-  0.326
  21 G   0.97377 0.02554 0.00069 ( 1)  0.220 +-  0.140
  22 L   0.11841 0.77541 0.10618 ( 2)  0.973 +-  0.347
  23 L   0.62852 0.35091 0.02057 ( 1)  0.512 +-  0.408
  24 H   0.95726 0.04177 0.00098 ( 1)  0.234 +-  0.172
  25 P   0.71621 0.27552 0.00827 ( 1)  0.435 +-  0.370
  26 P   0.98818 0.01157 0.00024 ( 1)  0.208 +-  0.101
  27 L   0.06749 0.76687 0.16564 ( 2)  1.070 +-  0.423
  28 N   0.99354 0.00630 0.00015 ( 1)  0.204 +-  0.082
  29 V   0.95940 0.03893 0.00167 ( 1)  0.232 +-  0.171
  30 T   0.21829 0.70315 0.07855 ( 2)  0.878 +-  0.393
  31 T   0.32962 0.61988 0.05051 ( 2)  0.773 +-  0.413
  32 I   0.81386 0.18164 0.00451 ( 1)  0.354 +-  0.320
  33 S   0.96136 0.03745 0.00119 ( 1)  0.230 +-  0.166
  34 R   0.73150 0.25642 0.01208 ( 1)  0.424 +-  0.371
  35 N   0.98770 0.01199 0.00031 ( 1)  0.209 +-  0.103
  36 F   0.16330 0.73810 0.09860 ( 2)  0.936 +-  0.386
  37 R   0.97149 0.02809 0.00042 ( 1)  0.222 +-  0.144
  38 L   0.94674 0.05145 0.00181 ( 1)  0.243 +-  0.192
  39 F   0.99285 0.00702 0.00013 ( 1)  0.204 +-  0.085
  40 L   0.96447 0.03454 0.00099 ( 1)  0.228 +-  0.160
  41 T   0.89970 0.09629 0.00401 ( 1)  0.282 +-  0.254
  42 W   0.88872 0.10675 0.00453 ( 1)  0.291 +-  0.265
  43 A   0.70473 0.28647 0.00880 ( 1)  0.445 +-  0.375
  44 P   0.98468 0.01499 0.00033 ( 1)  0.211 +-  0.112
  45 D   0.40951 0.55787 0.03262 ( 2)  0.698 +-  0.414
  46 P   0.30745 0.63191 0.06064 ( 2)  0.795 +-  0.414
  47 R   0.00886 0.83200 0.15914 ( 2)  1.095 +-  0.299
  48 N   0.82967 0.16354 0.00679 ( 1)  0.342 +-  0.316
  49 P   0.60664 0.37206 0.02130 ( 1)  0.532 +-  0.413
  50 P   0.50451 0.47080 0.02469 ( 1)  0.616 +-  0.418
  51 N   0.10092 0.81256 0.08652 ( 2)  0.972 +-  0.307
  52 V   0.98686 0.01281 0.00033 ( 1)  0.209 +-  0.106
  53 S   0.50428 0.46722 0.02850 ( 1)  0.618 +-  0.423
  54 Y   0.98575 0.01392 0.00033 ( 1)  0.210 +-  0.109
  55 Q   0.41627 0.55659 0.02714 ( 2)  0.689 +-  0.408
  56 V   0.98218 0.01736 0.00046 ( 1)  0.213 +-  0.119
  57 A   0.05989 0.81543 0.12468 ( 2)  1.028 +-  0.300
  58 Y   0.96695 0.03211 0.00094 ( 1)  0.226 +-  0.155
  59 Y   0.00859 0.79972 0.19169 ( 2)  1.123 +-  0.345
  60 M   0.26794 0.69545 0.03660 ( 2)  0.813 +-  0.369
  61 F   0.11602 0.75584 0.12815 ( 2)  0.997 +-  0.398
  62 I   0.11894 0.79459 0.08647 ( 2)  0.959 +-  0.324
  63 E   0.19535 0.74318 0.06147 ( 2)  0.884 +-  0.354
  64 K   0.44978 0.52740 0.02282 ( 2)  0.660 +-  0.409
  65 K   0.92367 0.07439 0.00194 ( 1)  0.262 +-  0.222
  66 W   0.88872 0.10675 0.00453 ( 1)  0.291 +-  0.265
  67 N   0.49522 0.47716 0.02762 ( 1)  0.625 +-  0.421
  68 K   0.00056 0.52943 0.47001 ( 2)  1.580 +-  0.976
  69 -   0.77754 0.21318 0.00928 ( 1)  0.385 +-  0.348
  70 K   0.56825 0.41559 0.01617 ( 1)  0.560 +-  0.408
  71 N   0.00690 0.80263 0.19046 ( 2)  1.129 +-  0.369
  72 C   0.98550 0.01424 0.00026 ( 1)  0.210 +-  0.109
  73 R   0.17369 0.76754 0.05877 ( 2)  0.899 +-  0.336
  74 N   0.99507 0.00483 0.00010 ( 1)  0.203 +-  0.076
  75 I   0.88583 0.10962 0.00456 ( 1)  0.294 +-  0.268
  76 T   0.83633 0.15730 0.00636 ( 1)  0.335 +-  0.310
  77 G   0.10171 0.80200 0.09629 ( 2)  0.979 +-  0.325
  78 K   0.93469 0.06358 0.00173 ( 1)  0.253 +-  0.208
  79 E   0.88209 0.11341 0.00450 ( 1)  0.297 +-  0.271
  80 C   0.98903 0.01078 0.00019 ( 1)  0.208 +-  0.098
  81 D   0.29656 0.64998 0.05346 ( 2)  0.799 +-  0.400
  82 L   0.41545 0.55543 0.02912 ( 2)  0.691 +-  0.411
  83 T   0.97046 0.02860 0.00094 ( 1)  0.223 +-  0.148
  84 C   0.98550 0.01424 0.00026 ( 1)  0.210 +-  0.109
  85 L   0.04051 0.82638 0.13311 ( 2)  1.050 +-  0.296
  86 F   0.72478 0.26472 0.01050 ( 1)  0.429 +-  0.371
  87 Y   0.28423 0.64888 0.06689 ( 2)  0.817 +-  0.412
  88 T   0.26321 0.68276 0.05404 ( 2)  0.826 +-  0.385
  89 H   0.00514 0.72896 0.26590 ( 2)  1.219 +-  0.511
  90 N   0.30584 0.63169 0.06247 ( 2)  0.800 +-  0.423
  91 Y   0.72081 0.26850 0.01069 ( 1)  0.432 +-  0.373
  92 I   0.00234 0.67811 0.31955 ( 2)  1.316 +-  0.681
  93 V   0.98686 0.01281 0.00033 ( 1)  0.209 +-  0.106
  94 G   0.05883 0.78371 0.15746 ( 2)  1.064 +-  0.379
  95 V   0.94909 0.04887 0.00204 ( 1)  0.241 +-  0.189
  96 R   0.34258 0.59624 0.06117 ( 2)  0.768 +-  0.429
  97 T   0.45707 0.50138 0.04155 ( 2)  0.665 +-  0.438
  98 K   0.06417 0.81563 0.12020 ( 2)  1.025 +-  0.314
  99 F   0.75000 0.24113 0.00887 ( 1)  0.408 +-  0.359
 100 G   0.22382 0.72189 0.05429 ( 2)  0.856 +-  0.362
 101 S   0.86023 0.13412 0.00565 ( 1)  0.315 +-  0.292
 102 S   0.00252 0.77761 0.21987 ( 2)  1.152 +-  0.374
 103 M   0.56442 0.42015 0.01543 ( 1)  0.563 +-  0.407
 104 S   0.97228 0.02698 0.00074 ( 1)  0.221 +-  0.143
 105 K   0.07467 0.72892 0.19641 ( 2)  1.109 +-  0.529
 106 W   0.88872 0.10675 0.00453 ( 1)  0.291 +-  0.265
 107 E   0.67367 0.31349 0.01284 ( 1)  0.472 +-  0.389
 108 E   0.38179 0.57793 0.04027 ( 2)  0.723 +-  0.415
 109 I   0.72024 0.26776 0.01200 ( 1)  0.434 +-  0.375
 110 K   0.06517 0.81631 0.11852 ( 2)  1.024 +-  0.320
 111 D   0.98380 0.01589 0.00030 ( 1)  0.212 +-  0.114
 112 I   0.99155 0.00825 0.00020 ( 1)  0.206 +-  0.090
 113 S   0.01335 0.83229 0.15436 ( 2)  1.084 +-  0.280
 114 Y   0.96074 0.03807 0.00119 ( 1)  0.231 +-  0.167
 115 I   0.23285 0.70189 0.06526 ( 2)  0.857 +-  0.383
 116 F   0.80224 0.19020 0.00755 ( 1)  0.364 +-  0.332
 117 T   0.98666 0.01299 0.00035 ( 1)  0.210 +-  0.106
 118 V   0.93792 0.05978 0.00230 ( 1)  0.250 +-  0.205
 119 D   0.94987 0.04873 0.00141 ( 1)  0.240 +-  0.186
 120 P   0.98271 0.01688 0.00040 ( 1)  0.213 +-  0.117
 121 E   0.81124 0.18179 0.00698 ( 1)  0.356 +-  0.326
 122 A   0.91272 0.08495 0.00233 ( 1)  0.271 +-  0.236
 123 P   0.98251 0.01708 0.00041 ( 1)  0.213 +-  0.118
 124 T   0.29878 0.64950 0.05172 ( 2)  0.798 +-  0.403
 125 L   0.77223 0.21610 0.01167 ( 1)  0.390 +-  0.355
 126 E   0.73979 0.25297 0.00724 ( 1)  0.416 +-  0.361
 127 V   0.98686 0.01281 0.00033 ( 1)  0.209 +-  0.106
 128 K   0.63431 0.35019 0.01550 ( 1)  0.506 +-  0.401
 129 F   0.03399 0.83501 0.13100 ( 2)  1.052 +-  0.278
 130 V   0.84907 0.14610 0.00483 ( 1)  0.324 +-  0.298
 131 D   0.85924 0.13656 0.00420 ( 1)  0.316 +-  0.289
 132 K   0.16909 0.77200 0.05891 ( 2)  0.901 +-  0.330
 133 S   0.01637 0.83851 0.14512 ( 2)  1.075 +-  0.274
 134 M   0.09698 0.81132 0.09170 ( 2)  0.979 +-  0.308
 135 Y   0.16629 0.76555 0.06815 ( 2)  0.910 +-  0.340
 136 I   0.64070 0.34401 0.01530 ( 1)  0.501 +-  0.399
 137 N   0.52490 0.45257 0.02254 ( 1)  0.600 +-  0.417
 138 A   0.00761 0.72867 0.26372 ( 2)  1.233 +-  0.575
 139 A   0.02398 0.83092 0.14509 ( 2)  1.074 +-  0.303
 140 V   0.00215 0.71251 0.28534 ( 2)  1.253 +-  0.569
 141 K   0.03381 0.80742 0.15877 ( 2)  1.080 +-  0.341
 142 T   0.00944 0.77610 0.21446 ( 2)  1.161 +-  0.452
 143 P   0.98151 0.01804 0.00044 ( 1)  0.214 +-  0.121
 144 H   0.00012 0.45949 0.54039 ( 3)  1.677 +-  1.026
 145 C   0.96159 0.03743 0.00097 ( 1)  0.230 +-  0.165
 146 I   0.12726 0.77261 0.10012 ( 2)  0.963 +-  0.351
 147 K   0.01034 0.78626 0.20339 ( 2)  1.139 +-  0.385
 148 D   0.00269 0.70469 0.29262 ( 2)  1.264 +-  0.585
 149 I   0.03788 0.76714 0.19498 ( 2)  1.123 +-  0.449
 150 Y   0.21826 0.72126 0.06049 ( 2)  0.865 +-  0.367
 151 -   0.82683 0.16723 0.00594 ( 1)  0.343 +-  0.315
 152 -   0.00059 0.49870 0.50072 ( 3)  1.615 +-  0.970
 153 -   0.54326 0.42734 0.02940 ( 1)  0.586 +-  0.425
 154 N   0.03781 0.82397 0.13822 ( 2)  1.058 +-  0.310
 155 L   0.78837 0.20340 0.00823 ( 1)  0.375 +-  0.341
 156 K   0.01993 0.76994 0.21013 ( 2)  1.149 +-  0.442
 157 Y   0.92580 0.07210 0.00210 ( 1)  0.260 +-  0.220
 158 N   0.00733 0.79617 0.19650 ( 2)  1.140 +-  0.398
 159 I   0.83912 0.15422 0.00666 ( 1)  0.333 +-  0.309
 160 E   0.06883 0.78169 0.14948 ( 2)  1.049 +-  0.380
 161 N   0.04201 0.78203 0.17596 ( 2)  1.096 +-  0.403
 162 A   0.17872 0.76505 0.05623 ( 2)  0.894 +-  0.337
 163 P   0.04827 0.78956 0.16216 ( 2)  1.082 +-  0.405
 164 K   0.09649 0.82233 0.08118 ( 2)  0.971 +-  0.291
 165 Q   0.67150 0.31321 0.01529 ( 1)  0.474 +-  0.393
 166 I   0.61865 0.36216 0.01918 ( 1)  0.521 +-  0.408
 167 K   0.80126 0.19218 0.00656 ( 1)  0.365 +-  0.331
 168 F   0.64447 0.33906 0.01647 ( 1)  0.498 +-  0.401
 169 K   0.81316 0.18124 0.00559 ( 1)  0.355 +-  0.323
 170 E   0.87149 0.12461 0.00390 ( 1)  0.305 +-  0.279
 171 V   0.65887 0.32889 0.01224 ( 1)  0.484 +-  0.391
 172 K   0.00571 0.71423 0.28006 ( 2)  1.256 +-  0.611
 173 M   0.29953 0.66574 0.03473 ( 2)  0.787 +-  0.381
 174 N   0.00719 0.74666 0.24615 ( 2)  1.196 +-  0.483
 175 S   0.23766 0.68894 0.07340 ( 2)  0.859 +-  0.395
 176 A   0.50435 0.46615 0.02950 ( 1)  0.619 +-  0.424
 177 V   0.08874 0.80588 0.10539 ( 2)  0.995 +-  0.321
 178 I   0.34638 0.61144 0.04218 ( 2)  0.754 +-  0.407
 179 L   0.00845 0.75028 0.24127 ( 2)  1.198 +-  0.507
 180 D   0.89825 0.09966 0.00209 ( 1)  0.283 +-  0.251
 181 T   0.91579 0.08092 0.00329 ( 1)  0.269 +-  0.235
 182 T   0.73324 0.25912 0.00764 ( 1)  0.421 +-  0.364
 183 G   0.97502 0.02441 0.00056 ( 1)  0.219 +-  0.137
 184 L   0.49569 0.47906 0.02526 ( 1)  0.623 +-  0.417
 185 S   0.89790 0.09931 0.00279 ( 1)  0.284 +-  0.253
 186 G   0.97421 0.02522 0.00057 ( 1)  0.220 +-  0.138
 187 N   0.88259 0.11498 0.00243 ( 1)  0.296 +-  0.266
 188 Y   0.97706 0.02232 0.00062 ( 1)  0.217 +-  0.132
 189 C   0.98939 0.01043 0.00018 ( 1)  0.207 +-  0.097
 190 V   0.29833 0.64334 0.05833 ( 2)  0.802 +-  0.411
 191 E   0.91499 0.08284 0.00217 ( 1)  0.269 +-  0.233
 192 A   0.49432 0.47177 0.03391 ( 1)  0.630 +-  0.431
 193 L   0.28825 0.66890 0.04286 ( 2)  0.800 +-  0.384
 194 T   0.97285 0.02614 0.00102 ( 1)  0.221 +-  0.143
 195 V   0.30457 0.65111 0.04432 ( 2)  0.788 +-  0.393
 196 F   0.62149 0.35379 0.02473 ( 1)  0.521 +-  0.417
 197 T   0.64984 0.33501 0.01515 ( 1)  0.493 +-  0.397
 198 M   0.61976 0.36468 0.01556 ( 1)  0.518 +-  0.403
 199 E   0.01318 0.80137 0.18545 ( 2)  1.121 +-  0.371
 200 Q   0.22097 0.73432 0.04472 ( 2)  0.854 +-  0.352
 201 K   0.00962 0.82487 0.16551 ( 2)  1.099 +-  0.307
 202 K   0.99262 0.00723 0.00015 ( 1)  0.205 +-  0.086
 203 I   0.00032 0.58852 0.41116 ( 2)  1.447 +-  0.813
 204 S   0.98426 0.01544 0.00030 ( 1)  0.211 +-  0.113
 205 Q   0.06005 0.81568 0.12427 ( 2)  1.030 +-  0.314
 206 P   0.28055 0.67725 0.04220 ( 2)  0.805 +-  0.380
 207 S   0.96136 0.03745 0.00119 ( 1)  0.230 +-  0.166
 208 K   0.00023 0.57799 0.42178 ( 2)  1.458 +-  0.810
 209 P   0.98516 0.01452 0.00032 ( 1)  0.211 +-  0.110
 210 F   0.48795 0.48444 0.02761 ( 1)  0.631 +-  0.421
 211 C   0.95916 0.03978 0.00106 ( 1)  0.232 +-  0.169
 212 H   0.51210 0.45984 0.02806 ( 1)  0.611 +-  0.422
 213 L   0.47115 0.50801 0.02084 ( 2)  0.642 +-  0.410
 214 F   0.39014 0.56299 0.04688 ( 2)  0.725 +-  0.439
 215 -   0.26513 0.66733 0.06754 ( 2)  0.833 +-  0.404
 216 -   0.29062 0.65450 0.05488 ( 2)  0.803 +-  0.397
 217 K   0.95420 0.04465 0.00115 ( 1)  0.236 +-  0.178
 218 D   0.99539 0.00452 0.00008 ( 1)  0.202 +-  0.074
 219 E   0.30517 0.64816 0.04667 ( 2)  0.788 +-  0.395
 220 E   0.00080 0.61114 0.38806 ( 2)  1.423 +-  0.794
 221 Y   0.08031 0.79379 0.12590 ( 2)  1.022 +-  0.360
 222 N   0.62601 0.35933 0.01465 ( 1)  0.512 +-  0.400
 223 S   0.04674 0.79622 0.15704 ( 2)  1.074 +-  0.375
 224 G   0.08362 0.81723 0.09914 ( 2)  0.994 +-  0.303
 225 H   0.05096 0.80448 0.14456 ( 2)  1.053 +-  0.332
 226 N   0.02002 0.83285 0.14713 ( 2)  1.074 +-  0.282
 227 W   0.00130 0.68567 0.31303 ( 2)  1.296 +-  0.641
 228 S   0.01572 0.74813 0.23615 ( 2)  1.183 +-  0.488
 229 F   0.05008 0.80284 0.14707 ( 2)  1.062 +-  0.365
 230 A   0.04123 0.79529 0.16348 ( 2)  1.084 +-  0.379
 231 V   0.15130 0.75795 0.09074 ( 2)  0.942 +-  0.377
 232 L   0.00768 0.75170 0.24063 ( 2)  1.202 +-  0.534
 233 I   0.21918 0.67989 0.10093 ( 2)  0.901 +-  0.456
 234 L   0.03854 0.82147 0.13999 ( 2)  1.061 +-  0.323
 235 F   0.01817 0.80148 0.18036 ( 2)  1.120 +-  0.405
 236 P   0.01259 0.79951 0.18790 ( 2)  1.124 +-  0.375
 237 I   0.29713 0.63952 0.06335 ( 2)  0.807 +-  0.422
 238 L   0.35575 0.60242 0.04184 ( 2)  0.747 +-  0.413
 239 L   0.00444 0.66381 0.33175 ( 2)  1.388 +-  0.868
 240 I   0.02284 0.75250 0.22465 ( 2)  1.194 +-  0.585
 241 S   0.08830 0.81384 0.09786 ( 2)  0.993 +-  0.328
 242 G   0.01915 0.75593 0.22492 ( 2)  1.185 +-  0.553
 243 I   0.03881 0.76614 0.19505 ( 2)  1.144 +-  0.553
 244 L   0.30315 0.61462 0.08223 ( 2)  0.819 +-  0.460
 245 L   0.64427 0.33060 0.02513 ( 1)  0.503 +-  0.417
 246 Y   0.28484 0.64913 0.06603 ( 2)  0.816 +-  0.411
 247 T   0.00559 0.73777 0.25664 ( 2)  1.222 +-  0.557
 248 S   0.00839 0.76360 0.22801 ( 2)  1.180 +-  0.491
 249 -   0.58728 0.38189 0.03083 ( 1)  0.553 +-  0.433
 250 -   0.60939 0.36335 0.02726 ( 1)  0.532 +-  0.426
 251 -   0.57432 0.39165 0.03403 ( 1)  0.566 +-  0.443
 252 -   0.92451 0.07225 0.00325 ( 1)  0.261 +-  0.225
 253 -   0.45029 0.49923 0.05048 ( 2)  0.675 +-  0.449
 254 -   0.85325 0.13920 0.00756 ( 1)  0.321 +-  0.301
 255 -   0.05176 0.77452 0.17372 ( 2)  1.097 +-  0.463
 256 -   0.89669 0.09889 0.00443 ( 1)  0.284 +-  0.258
 257 -   0.24014 0.67780 0.08206 ( 2)  0.865 +-  0.419
 258 S   0.15418 0.75338 0.09244 ( 2)  0.940 +-  0.382
 259 P   0.58545 0.38444 0.03011 ( 1)  0.553 +-  0.428
 260 D   0.98832 0.01134 0.00035 ( 1)  0.208 +-  0.101
 261 I   0.23584 0.69667 0.06750 ( 2)  0.858 +-  0.393
 262 L   0.64434 0.33443 0.02123 ( 1)  0.500 +-  0.408
 263 A   0.04045 0.80987 0.14968 ( 2)  1.072 +-  0.365
 264 K   0.01878 0.77192 0.20929 ( 2)  1.152 +-  0.454
 265 Q   0.65835 0.32584 0.01581 ( 1)  0.487 +-  0.398
 266 R   0.07960 0.81680 0.10361 ( 2)  1.001 +-  0.311
 267 G   0.07522 0.75353 0.17125 ( 2)  1.090 +-  0.522
 268 Q   0.26378 0.66731 0.06890 ( 2)  0.835 +-  0.407
 269 L   0.42917 0.53270 0.03813 ( 2)  0.684 +-  0.425
 270 L   0.27017 0.67309 0.05675 ( 2)  0.824 +-  0.400
 271 W   0.00184 0.61831 0.37985 ( 2)  1.412 +-  0.797
 272 I   0.16252 0.76095 0.07653 ( 2)  0.918 +-  0.345
 273 F   0.11729 0.71318 0.16953 ( 2)  1.051 +-  0.526
 274 P   0.96363 0.03509 0.00129 ( 1)  0.229 +-  0.162
 275 D   0.02074 0.78303 0.19623 ( 2)  1.137 +-  0.443
 276 -   0.32935 0.57724 0.09340 ( 2)  0.812 +-  0.516
 277 -   0.45151 0.49922 0.04928 ( 2)  0.673 +-  0.447
 278 -   0.06644 0.72061 0.21295 ( 2)  1.141 +-  0.577
 279 -   0.90831 0.08754 0.00415 ( 1)  0.275 +-  0.246
 280 -   0.03329 0.75302 0.21368 ( 2)  1.154 +-  0.508
 281 -   0.24918 0.67742 0.07340 ( 2)  0.850 +-  0.406
 282 -   0.22173 0.69477 0.08350 ( 2)  0.879 +-  0.406
 283 -   0.53744 0.42802 0.03454 ( 1)  0.594 +-  0.436
 284 -   0.90384 0.09210 0.00406 ( 1)  0.278 +-  0.250
 285 -   0.02937 0.73154 0.23908 ( 2)  1.201 +-  0.601
 286 -   0.67991 0.30015 0.01994 ( 1)  0.471 +-  0.402
 287 -   0.00724 0.67733 0.31544 ( 2)  1.324 +-  0.727
 288 -   0.00964 0.73675 0.25361 ( 2)  1.209 +-  0.526
 289 -   0.57579 0.38663 0.03758 ( 1)  0.568 +-  0.453
 290 -   0.03423 0.74102 0.22476 ( 2)  1.179 +-  0.580
 291 -   0.61664 0.35783 0.02553 ( 1)  0.525 +-  0.419
 292 -   0.84550 0.14621 0.00829 ( 1)  0.328 +-  0.308
 293 -   0.16741 0.72308 0.10951 ( 2)  0.942 +-  0.409
 294 -   0.47758 0.47411 0.04831 ( 1)  0.654 +-  0.461
 295 -   0.47343 0.47905 0.04751 ( 2)  0.655 +-  0.453
 296 -   0.86149 0.13097 0.00754 ( 1)  0.315 +-  0.295
 297 -   0.92451 0.07225 0.00325 ( 1)  0.261 +-  0.225
 298 -   0.24959 0.67447 0.07594 ( 2)  0.852 +-  0.414
 299 -   0.40702 0.53023 0.06275 ( 2)  0.719 +-  0.463
 300 -   0.20968 0.68812 0.10220 ( 2)  0.908 +-  0.449
 301 -   0.60149 0.37351 0.02499 ( 1)  0.537 +-  0.418
 302 -   0.70660 0.27636 0.01704 ( 1)  0.447 +-  0.389
 303 -   0.06162 0.78123 0.15715 ( 2)  1.066 +-  0.409
 304 -   0.04354 0.77013 0.18633 ( 2)  1.109 +-  0.441
 305 -   0.32020 0.61794 0.06186 ( 2)  0.788 +-  0.433
 306 -   0.94236 0.05543 0.00221 ( 1)  0.246 +-  0.199
 307 -   0.86262 0.13043 0.00695 ( 1)  0.313 +-  0.293
 308 -   0.47468 0.48053 0.04479 ( 2)  0.651 +-  0.444
 309 -   0.30010 0.63368 0.06622 ( 2)  0.807 +-  0.429
 310 -   0.90799 0.08721 0.00480 ( 1)  0.276 +-  0.249
 311 -   0.81091 0.17754 0.01155 ( 1)  0.358 +-  0.335
 312 -   0.84114 0.14998 0.00888 ( 1)  0.332 +-  0.312
 313 -   0.49045 0.46174 0.04782 ( 1)  0.642 +-  0.458
 314 -   0.05917 0.78215 0.15869 ( 2)  1.070 +-  0.410
 315 -   0.80391 0.18437 0.01172 ( 1)  0.364 +-  0.339
 316 -   0.85525 0.13744 0.00731 ( 1)  0.320 +-  0.299
 317 -   0.81295 0.17587 0.01119 ( 1)  0.356 +-  0.334
 318 -   0.81091 0.17754 0.01155 ( 1)  0.358 +-  0.335
 319 -   0.93913 0.05892 0.00195 ( 1)  0.249 +-  0.203
 320 -   0.83424 0.15673 0.00903 ( 1)  0.338 +-  0.316
 321 -   0.73202 0.24775 0.02023 ( 1)  0.427 +-  0.385
 322 -   0.81736 0.17186 0.01077 ( 1)  0.352 +-  0.330
 323 -   0.91557 0.08047 0.00397 ( 1)  0.269 +-  0.238
 324 -   0.93913 0.05892 0.00195 ( 1)  0.249 +-  0.203
 325 -   0.52823 0.43722 0.03455 ( 1)  0.601 +-  0.433
 326 -   0.21209 0.68354 0.10437 ( 2)  0.912 +-  0.473
 327 -   0.81380 0.17447 0.01173 ( 1)  0.356 +-  0.335
 328 -   0.15463 0.72417 0.12120 ( 2)  0.967 +-  0.444
 329 -   0.14666 0.72356 0.12978 ( 2)  0.982 +-  0.458
 330 -   0.13663 0.73238 0.13099 ( 2)  0.987 +-  0.432
 331 -   0.92116 0.07583 0.00301 ( 1)  0.264 +-  0.228
 332 -   0.90187 0.09361 0.00452 ( 1)  0.280 +-  0.253
 333 -   0.08802 0.74698 0.16501 ( 2)  1.056 +-  0.451
 334 -   0.15029 0.73478 0.11492 ( 2)  0.958 +-  0.402
 335 -   0.23486 0.68518 0.07995 ( 2)  0.866 +-  0.409
 336 -   0.88804 0.10670 0.00526 ( 1)  0.292 +-  0.268
 337 -   0.81150 0.17752 0.01098 ( 1)  0.357 +-  0.334
 338 -   0.22120 0.69484 0.08396 ( 2)  0.879 +-  0.403
 339 -   0.84286 0.14824 0.00890 ( 1)  0.331 +-  0.311
 340 -   0.42122 0.52563 0.05315 ( 2)  0.699 +-  0.443
 341 -   0.87317 0.12073 0.00610 ( 1)  0.304 +-  0.282
 342 -   0.94380 0.05383 0.00237 ( 1)  0.245 +-  0.198
 343 -   0.90186 0.09341 0.00473 ( 1)  0.281 +-  0.254
 344 -   0.82803 0.16177 0.01020 ( 1)  0.343 +-  0.323
 345 -   0.85781 0.13517 0.00702 ( 1)  0.317 +-  0.296
 346 -   0.82803 0.16177 0.01020 ( 1)  0.343 +-  0.323
 347 -   0.88822 0.10669 0.00509 ( 1)  0.292 +-  0.267
 348 -   0.03426 0.74939 0.21635 ( 2)  1.150 +-  0.490
 349 -   0.17583 0.71221 0.11197 ( 2)  0.944 +-  0.453
 350 -   0.23352 0.65634 0.11014 ( 2)  0.911 +-  0.535
 351 -   0.44077 0.51059 0.04865 ( 2)  0.680 +-  0.441
 352 -   0.19932 0.69780 0.10288 ( 2)  0.913 +-  0.427
 353 -   0.16841 0.69886 0.13273 ( 2)  0.970 +-  0.484
 354 -   0.17569 0.71117 0.11314 ( 2)  0.939 +-  0.422
 355 -   0.32835 0.57851 0.09315 ( 2)  0.810 +-  0.503
 356 -   0.47509 0.47923 0.04567 ( 2)  0.652 +-  0.447
 357 -   0.12824 0.72624 0.14552 ( 2)  1.014 +-  0.485
 358 -   0.50177 0.45939 0.03884 ( 1)  0.625 +-  0.437
 359 -   0.94236 0.05543 0.00221 ( 1)  0.246 +-  0.199
 360 -   0.58967 0.38414 0.02619 ( 1)  0.547 +-  0.421
 361 -   0.47750 0.47900 0.04349 ( 2)  0.648 +-  0.441
 362 -   0.24201 0.67838 0.07962 ( 2)  0.861 +-  0.414
 363 -   0.64071 0.33635 0.02294 ( 1)  0.504 +-  0.413
 364 -   0.84262 0.14835 0.00903 ( 1)  0.331 +-  0.312
 365 -   0.83409 0.15644 0.00948 ( 1)  0.338 +-  0.318
 366 -   0.92687 0.06977 0.00336 ( 1)  0.260 +-  0.223
 367 -   0.26668 0.62241 0.11091 ( 2)  0.874 +-  0.503
 368 -   0.20895 0.69913 0.09192 ( 2)  0.897 +-  0.421
 369 -   0.52573 0.43560 0.03867 ( 1)  0.607 +-  0.444
 370 -   0.67848 0.30102 0.02050 ( 1)  0.472 +-  0.403
 371 -   0.39283 0.54600 0.06117 ( 2)  0.728 +-  0.452
 372 -   0.06935 0.75892 0.17173 ( 2)  1.079 +-  0.456
 373 -   0.02898 0.74544 0.22559 ( 2)  1.172 +-  0.531
 374 -   0.90214 0.09334 0.00452 ( 1)  0.280 +-  0.253
 375 -   0.39790 0.54099 0.06111 ( 2)  0.724 +-  0.453
 376 -   0.52521 0.43869 0.03610 ( 1)  0.605 +-  0.436
 377 -   0.41753 0.52463 0.05784 ( 2)  0.706 +-  0.452
 378 -   0.21400 0.69306 0.09294 ( 2)  0.893 +-  0.417
 379 -   0.88343 0.11060 0.00597 ( 1)  0.296 +-  0.274
 380 -   0.79509 0.19013 0.01477 ( 1)  0.373 +-  0.353
 381 -   0.88929 0.10599 0.00473 ( 1)  0.291 +-  0.265
 382 S   0.93668 0.06062 0.00270 ( 1)  0.251 +-  0.208
 383 A   0.88943 0.10650 0.00407 ( 1)  0.291 +-  0.264
 384 G   0.81581 0.17706 0.00712 ( 1)  0.352 +-  0.324
 385 N   0.76727 0.22501 0.00772 ( 1)  0.393 +-  0.350
 386 C   0.86428 0.13078 0.00494 ( 1)  0.312 +-  0.287
 387 V   0.06813 0.82301 0.10886 ( 2)  1.013 +-  0.305
 388 P   0.10522 0.76648 0.12830 ( 2)  1.008 +-  0.403
 389 Q   0.66990 0.31317 0.01693 ( 1)  0.476 +-  0.396
 390 S   0.07473 0.77117 0.15409 ( 2)  1.051 +-  0.403
 391 F   0.97082 0.02792 0.00126 ( 1)  0.223 +-  0.149

Positively selected sites

	Prob(w>1)  mean w

   144 H      0.540         1.677 +- 1.026
   152 -      0.501         1.615 +- 0.970

