

TREE # 1

  0  0.0000   6231.672368  x:  1.38678   0.51266   0.05251   0.33937   0.00000   0.48005   0.25397   0.17674   0.08432   0.14534   0.16586   3.00000   1.26029   0.14050   0.25090  11.50803  
  1 99.0000   6164.996859  x:  1.45273   0.57771   0.20711   0.38460   0.46395   0.59700   0.33796   0.18050   0.01723   0.13592   0.08833   2.99436   1.28181   0.18863   0.34966  11.48857  
  2 724.3526   6082.919040  x:  1.70663   0.74453   0.44467   0.48093   0.76806   0.94102   0.54922   0.42391   0.45720   0.22748   0.48524   2.97312   1.41782   0.35718   0.70284  11.41914  
  3 433.9705   5998.533378  x:  2.26149   1.04814   0.60940   0.69217   0.55161   1.42021   0.78524   0.43779   0.33252   0.41238   0.37081   2.86727   1.81993   0.57878   0.93483  11.31815  
  4 202.0560   5924.766660  x:  3.06030   1.16859   0.71822   0.77303   0.53144   1.84810   0.75323   0.53508   0.32062   0.20720   0.47739   2.64899   1.84045   0.79160   0.31667  11.24155  
  5 98.8502   5916.340317  x:  3.27491   1.15033   0.70550   0.76306   0.55321   1.87268   0.68027   0.55324   0.29447   0.34732   0.50877   2.54020   1.76607   0.92938   0.22604  11.22758  
  6 84.6567   5889.710052  x:  4.01228   1.04846   0.62279   0.70262   0.56519   1.91703   0.38615   0.59666   0.16460   0.45321   0.57832   2.16698   1.39454   1.42949   0.24079  11.19339  
  7 228.3367   5879.648093  x:  4.27118   0.99935   0.56647   0.72883   0.54561   1.82523   0.56687   0.59000   0.18741   0.45654   0.52603   2.02146   1.17802   1.83050   0.17935  11.18260  
  8 65.9140   5877.899409  x:  4.40379   1.04437   0.64514   0.76565   0.52902   1.71465   0.55116   0.51274   0.25975   0.46694   0.47854   2.12035   1.12866   1.86290   0.17591  11.19815  
  9 12.0431   5876.315581  x:  4.57364   0.99779   0.66878   0.74093   0.51727   1.61090   0.61245   0.59330   0.24589   0.48366   0.43925   2.26604   1.11942   1.82416   0.18663  11.23079  
 10 11.1023   5874.832445  x:  4.67605   0.93056   0.67408   0.72399   0.51199   1.58039   0.67778   0.51586   0.18929   0.48264   0.51124   2.34386   1.15165   1.80990   0.19351  11.27644  
 11  8.7860   5861.700913  x:  4.95904   0.70188   0.85446   0.82340   0.40164   1.49866   0.59523   0.53236   0.04867   0.32677   0.50207   2.49117   1.66675   2.11927   0.13896  11.70495  
 12  7.6983   5854.643503  x:  5.15449   0.52876   0.86996   0.74888   0.34434   1.59414   0.59547   0.45047   0.14675   0.27584   0.32205   2.49898   1.89094   2.17118   0.13135  11.96567  
 13 44.5853   5850.268429  x:  5.22064   0.71270   0.92600   0.65723   0.25281   1.69246   0.67281   0.45665   0.09020   0.28289   0.27420   2.45395   1.78322   2.11179   0.12764  12.14988  
 14 14.3867   5847.466751  x:  5.30552   0.84931   0.74595   0.90431   0.24405   1.73391   0.71997   0.47108   0.07497   0.29645   0.24881   2.39108   1.67705   1.96832   0.14227  12.28598  
 15 14.7395   5846.050901  x:  5.38658   1.08067   0.47974   0.87047   0.30767   1.65933   0.71909   0.45876   0.08742   0.27209   0.25889   2.37703   1.76106   1.96022   0.14407  12.36364  
 16  8.1818   5845.447289  x:  5.39120   1.12409   0.36948   0.85942   0.31983   1.72058   0.68312   0.45394   0.07961   0.28245   0.25274   2.49192   1.75445   2.03755   0.13868  12.42482  
 17  3.4219   5839.229115  x:  5.65328   1.04474   0.31253   0.70776   0.31186   1.43230   0.59078   0.41932   0.04310   0.33715   0.24651   2.30811   2.12275   2.28336   0.17877  13.28161  
 18  1.8516   5836.187050  x:  5.57208   1.03615   0.35205   0.76542   0.24633   1.38529   0.48694   0.42996   0.08173   0.34537   0.20637   2.23433   2.38613   2.60906   0.17508  14.46977  
 19  0.9479   5832.019495  x:  5.35636   1.02105   0.30546   0.82563   0.12439   1.38535   0.48969   0.38243   0.03402   0.32009   0.26141   2.15078   2.80891   3.02501   0.17064  16.19106  
 20  1.6340   5827.800717  x:  5.10361   0.98689   0.11576   0.71934   0.03536   1.21828   0.51561   0.34322   0.04938   0.28270   0.22262   2.17771   3.34998   3.44084   0.17419  17.34098  
 21  1.6544   5826.595383  x:  4.82907   1.02797   0.05114   0.63544   0.05972   1.15860   0.50430   0.35998   0.06021   0.27772   0.23151   2.22285   3.43433   3.49748   0.17813  17.27186  
 22  0.5142   5825.760975  x:  4.52283   0.95188   0.12554   0.57320   0.04172   1.10023   0.47382   0.34875   0.06315   0.26553   0.22286   2.26851   3.51404   3.58810   0.17725  17.04065  
 23  0.8731   5824.064692  x:  3.74456   0.90312   0.13547   0.60046   0.04836   1.07170   0.43322   0.32675   0.07092   0.25677   0.20653   2.27173   3.54145   3.67232   0.17810  16.44368  
 24  1.0018   5823.579330  x:  3.57391   0.88217   0.12331   0.60350   0.03843   1.03528   0.44913   0.33678   0.05455   0.25251   0.20235   2.18240   3.60985   3.76909   0.17929  16.66318  
 25  0.4392   5823.344804  x:  3.61969   0.87687   0.12656   0.60149   0.04633   1.04835   0.45529   0.32136   0.05471   0.25359   0.20689   2.12975   3.61845   3.80828   0.17977  16.92913  
 26  0.4429   5823.151012  x:  3.59436   0.87119   0.10383   0.58858   0.04416   1.04925   0.42792   0.31672   0.04901   0.24466   0.20414   2.13212   3.76215   3.97036   0.17931  17.56359  
 27  0.6226   5822.559642  x:  3.45808   0.84655   0.13790   0.58170   0.04422   1.02208   0.41301   0.32420   0.04778   0.23793   0.19918   2.14979   4.22408   4.48695   0.17768  20.07663  
 28  1.8859   5822.179148  x:  3.29474   0.80676   0.12939   0.55359   0.04411   0.94827   0.40075   0.29954   0.05168   0.23013   0.19096   2.16228   4.58987   4.85553   0.17674  21.52551  
 29  4.0010   5821.936918  x:  3.28351   0.78954   0.11145   0.53342   0.04781   0.95096   0.40884   0.29433   0.05037   0.23202   0.18117   2.16152   4.89818   5.11573   0.17601  22.96206  
 30  1.6310   5821.819596  x:  3.26535   0.78509   0.10712   0.54030   0.04809   0.93802   0.39832   0.29105   0.04713   0.22955   0.18778   2.13602   5.18399   5.34642   0.17916  24.31231  
 31  1.4197   5821.748375  x:  3.16476   0.77694   0.11369   0.52756   0.04687   0.93355   0.38839   0.28786   0.04753   0.22291   0.18242   2.12965   5.48693   5.64531   0.18104  25.82962  
 32  1.3663   5821.686555  x:  3.20483   0.76745   0.11914   0.52727   0.04643   0.92478   0.38815   0.28899   0.04798   0.22462   0.17861   2.14665   5.77462   5.95677   0.18031  27.53790  
 33  1.5717   5821.656638  x:  3.14948   0.76472   0.11056   0.52052   0.04567   0.91707   0.38798   0.28515   0.04761   0.22429   0.18068   2.14848   6.05528   6.24975   0.17960  29.05510  
 34  1.6766   5821.640986  x:  3.13599   0.76280   0.10753   0.51863   0.04868   0.91137   0.38483   0.28384   0.04601   0.22024   0.17961   2.14245   6.31238   6.49996   0.17900  30.42167  
 35  1.3158   5821.632042  x:  3.12884   0.76022   0.10953   0.51836   0.04766   0.91347   0.38221   0.28327   0.04714   0.22136   0.17895   2.13483   6.50904   6.69184   0.17887  31.51631  
 36  1.1906   5821.627899  x:  3.11798   0.75395   0.11112   0.51546   0.04686   0.90784   0.38030   0.28208   0.04669   0.22071   0.17803   2.13658   6.71109   6.89437   0.17887  32.60801  
 37  1.4211   5821.624919  x:  3.11753   0.75639   0.10994   0.51431   0.04653   0.90554   0.38172   0.28170   0.04627   0.22004   0.17806   2.14233   6.89034   7.07451   0.17913  33.62339  
 38  1.2481   5821.623501  x:  3.10944   0.75286   0.10983   0.51397   0.04745   0.90452   0.38049   0.28183   0.04641   0.21981   0.17776   2.14195   7.03350   7.21840   0.17933  34.42090  
 39  0.8661   5821.622932  x:  3.10530   0.75345   0.10855   0.51343   0.04737   0.90343   0.37941   0.28110   0.04646   0.21989   0.17732   2.13957   7.15067   7.33479   0.17929  35.07094  
 40  0.7038   5821.622654  x:  3.10479   0.75230   0.10930   0.51310   0.04715   0.90351   0.37942   0.28090   0.04639   0.21952   0.17745   2.13879   7.22974   7.41319   0.17922  35.51484  
 41  0.4914   5821.622573  x:  3.10267   0.75217   0.10925   0.51266   0.04722   0.90274   0.37926   0.28093   0.04631   0.21957   0.17734   2.13953   7.29447   7.47802   0.17922  35.87788  
 42  0.3040   5821.622562  x:  3.10225   0.75209   0.10911   0.51268   0.04719   0.90258   0.37922   0.28083   0.04637   0.21946   0.17728   2.13967   7.31330   7.49696   0.17922  35.98368  
 43  0.1582   5821.622560  x:  3.10226   0.75204   0.10910   0.51267   0.04720   0.90261   0.37919   0.28080   0.04635   0.21947   0.17729   2.13959   7.32035   7.50404   0.17922  36.02419  
 44  0.0404   5821.622559  x:  3.10210   0.75201   0.10909   0.51262   0.04720   0.90256   0.37917   0.28080   0.04635   0.21945   0.17728   2.13949   7.32558   7.50921   0.17923  36.05395  
 45  0.0161   5821.622555  x:  3.10140   0.75190   0.10918   0.51265   0.04718   0.90246   0.37915   0.28078   0.04634   0.21945   0.17726   2.13951   7.33742   7.52092   0.17923  36.12690  
 46  0.0094   5821.622489  x:  3.10187   0.75201   0.10916   0.51258   0.04721   0.90248   0.37908   0.28077   0.04638   0.21945   0.17727   2.14005   7.34663   7.52991   0.17922  36.25057  
 47  0.0155   5821.621751  x:  3.10867   0.75356   0.10910   0.51252   0.04739   0.90345   0.37898   0.28105   0.04659   0.21967   0.17747   2.14460   7.34220   7.52412   0.17919  37.73299  
 48  0.3793   5821.614938  x:  3.13493   0.75969   0.11014   0.51628   0.04765   0.91019   0.38177   0.28305   0.04713   0.22118   0.17874   2.14788   6.69481   6.87691   0.17913  39.91773  
 49  0.4476   5821.613439  x:  3.14295   0.76160   0.11044   0.51767   0.04768   0.91239   0.38281   0.28374   0.04727   0.22169   0.17914   2.14803   6.55509   6.73751   0.17912  41.56683  
 50 11.2829   5821.593072  x:  3.16787   0.76763   0.11214   0.52533   0.04762   0.92179   0.38888   0.28672   0.04747   0.22394   0.18074   2.13494   6.75849   6.94654   0.17924  66.14833  
 51 13.3952   5821.589937  x:  3.18487   0.77177   0.11235   0.52781   0.04774   0.92663   0.39052   0.28834   0.04762   0.22497   0.18159   2.13715   6.61351   6.80166   0.17912  69.57511  
 52  5.7781   5821.584222  x:  3.22718   0.78181   0.11268   0.53214   0.04854   0.93828   0.39313   0.29207   0.04793   0.22743   0.18379   2.14830   6.55360   6.73936   0.17871  80.81598  
 53  7.1184   5821.577781  x:  3.27058   0.79203   0.11546   0.54050   0.04934   0.95000   0.39998   0.29543   0.04921   0.23068   0.18615   2.14111   6.41170   6.59958   0.17896  91.84972  
 54  4.5827   5821.575570  x:  3.28011   0.79428   0.11616   0.54258   0.04946   0.95282   0.40168   0.29624   0.04944   0.23143   0.18673   2.13873   6.43117   6.61966   0.17905  94.60847  
 55  9.1841   5821.570554  x:  3.34054   0.80899   0.11791   0.55348   0.04961   0.97162   0.40948   0.30230   0.04983   0.23547   0.19010   2.13955   6.26089   6.45096   0.17897  105.64130  
 56  7.6838   5821.564462  x:  3.38750   0.81969   0.11911   0.55991   0.05013   0.98580   0.41396   0.30665   0.04993   0.23836   0.19276   2.14820   6.16440   6.35310   0.17866  105.70351  
 57  0.0549   5821.560356  x:  3.43544   0.83093   0.12085   0.56750   0.05075   0.99960   0.41958   0.31086   0.05056   0.24153   0.19539   2.15027   6.03545   6.22438   0.17857  109.68142  
 58 11.2861   5821.555544  x:  3.47127   0.83952   0.12248   0.57358   0.05137   1.00899   0.42426   0.31370   0.05151   0.24399   0.19721   2.14720   5.89003   6.08028   0.17865  105.70445  
 59  4.9330   5821.548756  x:  3.48574   0.84309   0.12356   0.57646   0.05179   1.01154   0.42672   0.31441   0.05248   0.24504   0.19772   2.14100   5.72675   5.91901   0.17883  91.29645  
 60 36.0930   5821.546556  x:  3.52080   0.85124   0.12479   0.58260   0.05183   1.02184   0.43125   0.31763   0.05281   0.24719   0.19947   2.14286   5.56543   5.75944   0.17868  84.30775  
 61  9.4245   5821.545971  x:  3.53077   0.85345   0.12511   0.58429   0.05178   1.02501   0.43248   0.31861   0.05279   0.24776   0.20000   2.14432   5.54864   5.74302   0.17861  85.40637  
 62  3.5955   5821.545626  x:  3.53266   0.85350   0.12517   0.58454   0.05154   1.02608   0.43265   0.31887   0.05248   0.24768   0.20008   2.14719   5.55976   5.75413   0.17850  86.27500  
 63  0.7053   5821.544791  x:  3.57683   0.86346   0.12711   0.59156   0.05204   1.03891   0.43793   0.32259   0.05300   0.25044   0.20251   2.14760   5.49876   5.69311   0.17848  89.05631  
 64  0.3479   5821.542992  x:  3.63342   0.87693   0.12929   0.60069   0.05297   1.05516   0.44470   0.32749   0.05391   0.25432   0.20571   2.14615   5.52370   5.71764   0.17854  100.18835  
 65  5.8824   5821.542399  x:  3.67984   0.88835   0.13077   0.60856   0.05361   1.06844   0.45050   0.33173   0.05468   0.25759   0.20824   2.14629   5.48909   5.68372   0.17852  105.39149  
 66  8.3259   5821.541882  x:  3.74955   0.90623   0.13256   0.62075   0.05466   1.08857   0.45941   0.33846   0.05593   0.26286   0.21208   2.14740   5.49073   5.68658   0.17845  117.36768  
 67  7.0192   5821.541820  x:  3.76582   0.91000   0.13325   0.62337   0.05489   1.09336   0.46137   0.33988   0.05614   0.26395   0.21301   2.14733   5.48185   5.67748   0.17845  119.26254  
 68  3.0634   5821.541738  x:  3.79085   0.91550   0.13456   0.62717   0.05526   1.10086   0.46427   0.34194   0.05637   0.26554   0.21451   2.14679   5.47927   5.67396   0.17849  122.86842  
 69  2.7694   5821.541685  x:  3.82026   0.92277   0.13541   0.63219   0.05563   1.10920   0.46793   0.34465   0.05686   0.26761   0.21610   2.14725   5.46850   5.66416   0.17846  126.57770  
 70  1.3537   5821.541651  x:  3.82959   0.92506   0.13567   0.63376   0.05575   1.11179   0.46908   0.34549   0.05703   0.26826   0.21659   2.14732   5.46358   5.65927   0.17845  127.27392  
 71  0.3655   5821.541614  x:  3.85138   0.93021   0.13650   0.63732   0.05604   1.11812   0.47175   0.34740   0.05734   0.26973   0.21780   2.14727   5.44883   5.64424   0.17844  129.05971  
 72  1.4839   5821.541595  x:  3.84730   0.92916   0.13644   0.63662   0.05598   1.11703   0.47125   0.34702   0.05725   0.26942   0.21757   2.14729   5.43929   5.63472   0.17845  127.15145  
 73  1.2907   5821.541593  x:  3.84232   0.92797   0.13625   0.63582   0.05590   1.11558   0.47066   0.34658   0.05718   0.26907   0.21729   2.14737   5.43613   5.63171   0.17845  125.96046  
 74  1.3122   5821.541592  x:  3.83634   0.92654   0.13602   0.63485   0.05581   1.11383   0.46993   0.34605   0.05709   0.26866   0.21694   2.14741   5.43562   5.63128   0.17844  124.95528  
 75  0.9743   5821.541591  x:  3.83574   0.92640   0.13600   0.63475   0.05580   1.11364   0.46985   0.34599   0.05709   0.26862   0.21691   2.14740   5.43670   5.63234   0.17844  125.00813  
 76  0.0513   5821.541591  x:  3.83523   0.92627   0.13598   0.63466   0.05580   1.11350   0.46979   0.34595   0.05708   0.26858   0.21688   2.14738   5.43721   5.63281   0.17845  124.98219  
 77  0.0265   5821.541591  x:  3.83506   0.92623   0.13598   0.63463   0.05579   1.11345   0.46977   0.34593   0.05708   0.26857   0.21687   2.14737   5.43718   5.63277   0.17845  124.95019  
 78  0.0274   5821.541591  x:  3.83506   0.92623   0.13598   0.63463   0.05579   1.11345   0.46977   0.34593   0.05708   0.26857   0.21687   2.14737   5.43718   5.63277   0.17845  124.95088  
 79  0.0201   5821.541591  x:  3.83508   0.92623   0.13598   0.63463   0.05579   1.11345   0.46977   0.34593   0.05708   0.26857   0.21687   2.14737   5.43716   5.63275   0.17845  124.95108  
 80  0.0002   5821.541591  x:  3.83508   0.92623   0.13598   0.63463   0.05579   1.11345   0.46977   0.34593   0.05708   0.26857   0.21687   2.14738   5.43715   5.63275   0.17845  124.95061  
 81  0.0004   5821.541591  x:  3.83508   0.92623   0.13598   0.63463   0.05579   1.11345   0.46977   0.34593   0.05708   0.26857   0.21687   2.14738   5.43716   5.63275   0.17845  124.95057  
 82  0.0001   5821.541591  x:  3.83508   0.92623   0.13598   0.63463   0.05579   1.11345   0.46977   0.34593   0.05708   0.26857   0.21687   2.14738   5.43716   5.63275   0.17845  124.95075  