

TREE # 1

  0  0.0000   5973.010114  x:  1.30716   0.48597   0.05396   0.33339   0.00000   0.46301   0.25209   0.19441   0.06230   0.11405   0.14480   3.00000   0.81832   0.38793  
  1 99.0000   5910.123255  x:  1.37130   0.57665   0.19649   0.40338   0.25786   0.60749   0.35399   0.25454   0.08647   0.22397   0.18003   2.96539   0.73564   0.30666  
  2 520.3562   5881.328380  x:  1.51315   0.62705   0.23057   0.43475   0.17859   0.75799   0.38629   0.24425   0.00000   0.20897   0.14082   2.89646   0.57098   0.24538  
  3 181.1349   5854.789267  x:  1.73038   0.68635   0.25696   0.47327   0.02175   0.95706   0.41789   0.27396   0.07788   0.18685   0.16182   2.78952   0.35616   0.14202  
  4 576.3730   5848.815796  x:  1.86668   0.68191   0.21745   0.49982   0.01035   0.96081   0.38244   0.26985   0.05981   0.24186   0.19547   2.71344   0.37494   0.10368  
  5 79.9351   5840.108121  x:  2.12319   0.67149   0.14249   0.54385   0.03863   0.94623   0.32091   0.26819   0.05702   0.29483   0.22027   2.56575   0.35984   0.16921  
  6 233.6281   5829.474170  x:  2.46824   0.68713   0.08064   0.57894   0.09722   0.89917   0.31108   0.28630   0.08016   0.22600   0.14290   2.35194   0.43668   0.17602  
  7 169.0183   5825.987767  x:  2.59884   0.72054   0.10765   0.55346   0.09491   0.86377   0.35628   0.27147   0.06698   0.18872   0.18813   2.26012   0.48143   0.20729  
  8 88.1773   5825.025846  x:  2.63528   0.73277   0.12713   0.52011   0.08044   0.84420   0.37911   0.27598   0.07064   0.21620   0.17092   2.22586   0.49306   0.22078  
  9 41.7629   5824.764454  x:  2.63964   0.72213   0.12999   0.48370   0.08939   0.83226   0.37456   0.28327   0.06724   0.21446   0.17390   2.20162   0.47866   0.21005  
 10 11.4965   5824.709913  x:  2.63697   0.71536   0.13337   0.47920   0.09140   0.83332   0.37371   0.27245   0.07024   0.21494   0.17264   2.18920   0.47699   0.20797  
 11  6.3839   5824.526162  x:  2.61416   0.68169   0.15510   0.48564   0.08551   0.84570   0.36947   0.27740   0.06840   0.21420   0.17246   2.12351   0.48231   0.21159  
 12  6.8053   5824.460192  x:  2.60422   0.69158   0.15297   0.49696   0.08263   0.83345   0.37088   0.27695   0.06821   0.21512   0.17259   2.10051   0.47372   0.20716  
 13  2.6694   5824.332779  x:  2.59419   0.71576   0.12384   0.49349   0.08183   0.84627   0.37981   0.27757   0.06700   0.21698   0.17433   2.07227   0.47524   0.20824  
 14  2.9916   5824.227794  x:  2.59497   0.73954   0.12054   0.48869   0.08004   0.85647   0.36463   0.27706   0.06717   0.21584   0.17369   2.06044   0.47912   0.20968  
 15  5.2691   5822.112665  x:  2.84239   0.74127   0.12344   0.50057   0.03160   0.89303   0.38147   0.27860   0.05438   0.21008   0.17173   2.12951   0.44659   0.18024  
 16  1.9748   5821.699074  x:  2.98987   0.73981   0.09995   0.50242   0.04881   0.88642   0.37135   0.27463   0.04585   0.21412   0.17884   2.13915   0.45480   0.17943  
 17  0.1253   5821.642312  x:  3.05164   0.74348   0.10563   0.50570   0.04538   0.88774   0.37386   0.27720   0.04514   0.21666   0.17421   2.13466   0.45767   0.18086  
 18  0.0467   5821.631441  x:  3.06905   0.74508   0.10744   0.50710   0.04722   0.89305   0.37508   0.27786   0.04576   0.21723   0.17547   2.14059   0.45437   0.17889  
 19  0.0098   5821.631132  x:  3.06924   0.74456   0.10780   0.50715   0.04718   0.89344   0.37506   0.27796   0.04585   0.21752   0.17566   2.13873   0.45466   0.17935  
 20  0.0021   5821.631122  x:  3.06941   0.74453   0.10775   0.50710   0.04718   0.89345   0.37505   0.27797   0.04593   0.21749   0.17561   2.13845   0.45463   0.17931  
 21  0.0003   5821.631121  x:  3.06959   0.74456   0.10772   0.50711   0.04716   0.89343   0.37503   0.27797   0.04594   0.21749   0.17563   2.13854   0.45464   0.17931  
 22  0.0002   5821.631121  x:  3.06960   0.74456   0.10772   0.50711   0.04716   0.89342   0.37504   0.27797   0.04594   0.21749   0.17563   2.13855   0.45464   0.17931  
 23  0.0000   5821.631121  x:  3.06960   0.74456   0.10772   0.50711   0.04716   0.89342   0.37504   0.27797   0.04594   0.21749   0.17563   2.13855   0.45465   0.17931  