

TREE # 1

  0  0.0000   5980.687848  x:  1.22026   0.46256   0.04601   0.29250   0.00000   0.43401   0.24264   0.16976   0.08493   0.13816   0.15256   3.00000   1.06203   0.07960   0.29587   2.71650  
  1 99.0000   5921.702851  x:  1.27848   0.54444   0.17964   0.36514   0.24843   0.56215   0.33010   0.23559   0.06699   0.18254   0.15456   2.97259   1.05630   0.08636   0.23032   2.71612  
  2 572.3832   5890.657890  x:  1.45311   0.61160   0.23432   0.41516   0.16212   0.75445   0.38309   0.26621   0.00000   0.20267   0.16940   2.89707   1.01281   0.13218   0.33449   2.71538  
  3 174.7567   5877.158626  x:  1.60621   0.65909   0.26425   0.45595   0.07741   0.89472   0.41594   0.30669   0.07678   0.22111   0.20458   2.82704   0.97845   0.16807   0.35035   2.71489  
  4 459.1741   5861.924224  x:  1.76901   0.68879   0.26321   0.49646   0.00000   0.98210   0.41382   0.29507   0.06579   0.22422   0.17238   2.74395   0.94680   0.20195   0.23857   2.71416  
  5 214.1121   5847.468877  x:  2.09328   0.68627   0.16274   0.55526   0.06913   0.97270   0.34229   0.22120   0.10094   0.18022   0.11562   2.54993   0.84894   0.30507   0.24200   2.71250  
  6 109.8355   5837.878483  x:  2.35177   0.67698   0.07389   0.57427   0.11848   0.90976   0.28403   0.23850   0.06699   0.20047   0.20226   2.38033   0.76455   0.39634   0.21671   2.71031  
  7 225.4818   5832.469693  x:  2.50043   0.69381   0.06883   0.53259   0.12153   0.80243   0.31821   0.31647   0.05744   0.22556   0.16444   2.25996   0.69992   0.46750   0.21341   2.70809  
  8 98.8661   5830.257163  x:  2.55754   0.71482   0.10504   0.48599   0.11862   0.74556   0.36776   0.28105   0.05743   0.21630   0.18455   2.19594   0.66221   0.51009   0.20575   2.70633  
  9 61.4353   5829.641708  x:  2.53724   0.68560   0.11825   0.43601   0.12523   0.77176   0.35664   0.28414   0.05756   0.20841   0.18287   2.15035   0.62065   0.56211   0.19625   2.70220  
 10 12.0086   5829.302958  x:  2.50968   0.66787   0.13267   0.44701   0.12078   0.77575   0.35126   0.27572   0.05977   0.22974   0.17918   2.11611   0.58596   0.60807   0.19350   2.69766  
 11 15.7504   5828.958901  x:  2.47673   0.65357   0.14579   0.47608   0.11326   0.77555   0.35270   0.28139   0.05838   0.21374   0.18177   2.08033   0.54875   0.66011   0.18791   2.69164  
 12 27.8293   5828.859300  x:  2.46824   0.66528   0.12510   0.47789   0.11369   0.78108   0.36643   0.28029   0.05803   0.21494   0.18165   2.07852   0.54226   0.68126   0.18475   2.68551  
 13  3.8817   5828.662951  x:  2.45772   0.71551   0.10579   0.47620   0.11201   0.78589   0.35698   0.28037   0.05825   0.21480   0.18118   2.08318   0.53543   0.72625   0.18096   2.66947  
 14  9.0437   5826.094907  x:  2.68489   0.69586   0.13590   0.48954   0.07516   0.82370   0.37275   0.28086   0.05023   0.21510   0.18000   2.33989   0.78019   1.22382   0.16007   2.35500  
 15  3.3140   5822.891116  x:  2.83058   0.73049   0.13795   0.50872   0.02448   0.89425   0.38012   0.27886   0.04039   0.21741   0.17535   2.15892   1.37321   1.55406   0.18145   1.95960  
 16 11.9987   5822.103085  x:  2.98197   0.74359   0.09375   0.49707   0.05185   0.88773   0.37443   0.27587   0.03943   0.21512   0.17688   2.10014   1.83732   1.97230   0.18652   1.47313  
 17  0.5955   5821.812577  x:  3.07374   0.74755   0.09702   0.50414   0.04831   0.89064   0.37309   0.27688   0.04238   0.21673   0.17456   2.13484   2.16173   2.34913   0.17841   1.00000  
 18  0.5725   5821.766138  x:  3.10268   0.74627   0.10813   0.50868   0.04533   0.89400   0.37464   0.27794   0.04648   0.21737   0.17545   2.14519   2.42104   2.60124   0.17992   1.00000  
 19  0.2589   5821.740808  x:  3.09919   0.74432   0.11075   0.50875   0.04806   0.89580   0.37637   0.27956   0.04604   0.21820   0.17649   2.13839   2.70174   2.89371   0.17590   1.00000  
 20  0.1620   5821.704078  x:  3.08409   0.74378   0.10973   0.50713   0.05052   0.90053   0.37741   0.28016   0.04498   0.21898   0.17693   2.13376   3.28824   3.47222   0.18103   1.00000  
 21  0.2742   5821.665003  x:  3.07407   0.74536   0.11135   0.50925   0.04793   0.89753   0.37478   0.27722   0.04500   0.21681   0.17456   2.14904   4.13421   4.31502   0.17840   1.00000  
 22  0.3501   5821.642453  x:  3.07096   0.74380   0.10824   0.50750   0.04685   0.89260   0.37542   0.27885   0.04578   0.21792   0.17530   2.13333   5.07208   5.25997   0.17964   1.00000  
 23  0.4818   5821.636665  x:  3.06691   0.74440   0.10708   0.50675   0.04716   0.89256   0.37487   0.27747   0.04617   0.21733   0.17596   2.14003   5.71595   5.89378   0.17942   1.00000  
 24  0.4879   5821.633427  x:  3.06637   0.74530   0.10730   0.50667   0.04665   0.89358   0.37471   0.27821   0.04618   0.21745   0.17526   2.13599   6.82279   7.00935   0.17894   1.00000  
 25  0.4131   5821.632001  x:  3.06900   0.74448   0.10761   0.50725   0.04728   0.89349   0.37521   0.27790   0.04594   0.21752   0.17576   2.13933   7.52724   7.70738   0.17952   1.00000  
 26  0.4884   5821.631478  x:  3.07126   0.74455   0.10807   0.50710   0.04714   0.89341   0.37490   0.27799   0.04587   0.21745   0.17552   2.13813   8.59713   8.78053   0.17910   1.00000  
 27  0.4884   5821.631270  x:  3.06984   0.74448   0.10760   0.50713   0.04723   0.89344   0.37513   0.27800   0.04593   0.21753   0.17567   2.13888   9.36480   9.54584   0.17943   1.00000  
 28  0.4519   5821.631183  x:  3.06927   0.74465   0.10776   0.50708   0.04710   0.89342   0.37497   0.27792   0.04596   0.21745   0.17561   2.13832  10.28967  10.47219   0.17923   1.00000  
 29  0.4789   5821.631147  x:  3.06945   0.74451   0.10768   0.50713   0.04719   0.89340   0.37506   0.27800   0.04594   0.21752   0.17562   2.13863  11.09951  11.28104   0.17937   1.00000  
 30  0.4665   5821.631131  x:  3.06971   0.74458   0.10776   0.50711   0.04715   0.89342   0.37502   0.27793   0.04594   0.21747   0.17564   2.13850  12.12133  12.30353   0.17928   1.00000  
 31  0.5205   5821.631125  x:  3.06962   0.74455   0.10770   0.50711   0.04717   0.89342   0.37504   0.27799   0.04594   0.21750   0.17562   2.13857  12.99053  13.17230   0.17933   1.00000  
 32  0.5293   5821.631122  x:  3.06958   0.74457   0.10772   0.50711   0.04716   0.89342   0.37504   0.27795   0.04594   0.21748   0.17564   2.13854  14.48460  14.66661   0.17931   1.00000  
 33  0.6610   5821.631121  x:  3.06960   0.74456   0.10772   0.50711   0.04716   0.89342   0.37503   0.27797   0.04594   0.21749   0.17562   2.13854  14.93317  15.11507   0.17931   1.00000  
 34  0.4048   5821.631121  x:  3.06963   0.74455   0.10772   0.50711   0.04717   0.89342   0.37504   0.27797   0.04594   0.21749   0.17563   2.13856  17.36136  17.54323   0.17932   1.00000  
 35  0.6008   5821.631121  x:  3.06961   0.74456   0.10772   0.50711   0.04716   0.89342   0.37503   0.27796   0.04594   0.21749   0.17563   2.13855  18.87149  19.05342   0.17931   1.00000  
 36  1.5604   5821.631121  x:  3.06961   0.74456   0.10772   0.50711   0.04716   0.89342   0.37503   0.27796   0.04594   0.21749   0.17563   2.13855  18.87140  19.05333   0.17931   1.00000  
 37  2.1345   5821.631121  x:  3.06961   0.74456   0.10772   0.50711   0.04716   0.89342   0.37503   0.27796   0.04594   0.21749   0.17563   2.13855  18.87140  19.05333   0.17931   1.00000  
 38  0.0342   5821.631121  x:  3.06961   0.74456   0.10772   0.50711   0.04716   0.89342   0.37504   0.27797   0.04594   0.21749   0.17563   2.13855  18.87140  19.05333   0.17931   1.00000  
 39  0.0016   5821.631121  x:  3.06961   0.74456   0.10772   0.50711   0.04716   0.89342   0.37504   0.27797   0.04594   0.21749   0.17563   2.13855  18.87140  19.05333   0.17931   1.00000  
 40  0.0010   5821.631121  x:  3.06961   0.74456   0.10772   0.50711   0.04716   0.89342   0.37504   0.27797   0.04594   0.21749   0.17563   2.13855  18.87140  19.05332   0.17931   1.00000  
 41  0.0005   5821.631121  x:  3.06961   0.74456   0.10772   0.50711   0.04716   0.89342   0.37504   0.27797   0.04594   0.21749   0.17563   2.13855  18.87140  19.05332   0.17931   1.00000  
 42  0.0007   5821.631121  x:  3.06961   0.74456   0.10772   0.50711   0.04716   0.89342   0.37504   0.27797   0.04594   0.21749   0.17563   2.13855  18.87140  19.05332   0.17931   1.00000  
 43  0.0005   5821.631121  x:  3.06961   0.74456   0.10772   0.50711   0.04716   0.89342   0.37504   0.27797   0.04594   0.21749   0.17563   2.13855  18.87140  19.05332   0.17931   1.00000  
 44  0.0008   5821.631121  x:  3.06961   0.74456   0.10772   0.50711   0.04716   0.89342   0.37504   0.27797   0.04594   0.21749   0.17563   2.13855  18.87140  19.05332   0.17931   1.00000  