

TREE # 1

  0  0.0000   5957.095102  x:  1.38251   0.51434   0.04400   0.35039   0.00000   0.49050   0.26512   0.17838   0.06124   0.12748   0.15025   3.00000   1.22940   0.08402   0.29967  11.15935  
  1 99.0000   5910.925415  x:  1.42978   0.58035   0.15778   0.40214   0.22883   0.59701   0.33682   0.24680   0.08560   0.19198   0.16959   2.97396   1.22644   0.09347   0.25523  11.15873  
  2 490.5644   5888.775544  x:  1.56272   0.63110   0.21342   0.43764   0.17298   0.77778   0.41021   0.25251   0.01315   0.20742   0.14441   2.90707   1.20281   0.13223   0.32673  11.15783  
  3 160.0213   5872.627303  x:  1.72848   0.67464   0.25015   0.47423   0.06681   0.96013   0.48592   0.28742   0.08284   0.22207   0.19136   2.82076   1.17829   0.17801   0.34745  11.15676  
  4 374.0119   5863.695688  x:  1.84598   0.68523   0.24321   0.50105   0.02233   1.01301   0.51807   0.28141   0.07200   0.22146   0.17930   2.75276   1.16763   0.20981   0.24647  11.15606  
  5 151.1468   5845.471848  x:  2.35691   0.66314   0.08896   0.60044   0.09735   0.92659   0.55835   0.22637   0.10116   0.15975   0.15171   2.43125   1.08650   0.41237   0.24357  11.15287  
  6 95.5686   5838.133966  x:  2.59329   0.67731   0.05147   0.59930   0.09754   0.83300   0.54387   0.26789   0.06089   0.24598   0.19392   2.27138   1.04742   0.52634   0.24377  11.15133  
  7 166.9190   5834.617063  x:  2.70636   0.73198   0.11099   0.54693   0.08844   0.76858   0.50557   0.29803   0.06126   0.22047   0.17919   2.18582   1.02986   0.60889   0.23864  11.15011  
  8 77.4890   5833.564189  x:  2.73159   0.73757   0.12152   0.49438   0.10015   0.77877   0.47542   0.26162   0.06374   0.22650   0.19253   2.15947   1.02844   0.66603   0.23198  11.14877  
  9 30.7687   5832.715079  x:  2.74159   0.71965   0.10673   0.44614   0.11334   0.80665   0.43995   0.27998   0.06648   0.22661   0.17798   2.14035   1.03292   0.74538   0.22474  11.14650  
 10 31.7525   5831.661834  x:  2.72461   0.70336   0.11562   0.47411   0.11428   0.82618   0.39417   0.28951   0.05199   0.20612   0.20362   2.12822   1.06030   0.92454   0.21227  11.14024  
 11 20.1551   5830.233341  x:  2.69433   0.68930   0.13686   0.52102   0.10251   0.83535   0.36004   0.27825   0.06862   0.22990   0.17764   2.11743   1.11048   1.19363   0.20106  11.13020  
 12 76.0315   5827.495408  x:  2.63493   0.67370   0.14349   0.51006   0.08428   0.81248   0.48967   0.27647   0.06679   0.22373   0.18013   2.11805   1.26576   1.71911   0.17885  11.10751  
 13 47.8075   5823.896081  x:  2.73161   0.84286   0.03884   0.52191   0.07921   0.82651   0.48995   0.27930   0.06479   0.22638   0.17759   2.21260   2.04233   2.34929   0.18538  11.07260  
 14 16.2258   5822.159204  x:  2.82044   0.71306   0.12408   0.52061   0.06912   0.82152   0.49747   0.27724   0.06208   0.22869   0.17718   2.22858   2.49970   2.61529   0.20020  11.05723  
 15 26.3333   5821.926329  x:  2.78141   0.71666   0.12139   0.52431   0.06546   0.83058   0.49852   0.27663   0.06168   0.22786   0.17630   2.12723   2.56254   2.62232   0.20381  11.06118  
 16  2.1317   5820.165987  x:  2.96759   0.73766   0.12574   0.50964   0.04712   0.89394   0.42388   0.27893   0.04895   0.22114   0.17922   2.15940   2.63354   2.70667   0.18574  11.15282  
 17  0.4423   5819.925740  x:  3.04190   0.73379   0.11660   0.50176   0.04457   0.89713   0.43201   0.27747   0.04546   0.21599   0.17732   2.14548   2.75268   2.91240   0.18168  11.36851  
 18  0.2766   5819.871913  x:  3.08332   0.73981   0.10557   0.50727   0.04767   0.89530   0.42493   0.27636   0.04650   0.21615   0.17499   2.15336   2.85265   2.97251   0.18558  11.57695  
 19  0.1873   5819.831188  x:  3.10317   0.75019   0.10171   0.51349   0.04454   0.89275   0.43029   0.27576   0.04693   0.21756   0.17603   2.15728   2.92246   3.05886   0.18077  12.05038  
 20  0.1979   5819.702601  x:  3.10979   0.75137   0.10649   0.50718   0.04761   0.89435   0.42423   0.27849   0.04873   0.21753   0.18268   2.14834   3.08398   3.24427   0.18294  14.10346  
 21  0.4235   5819.481208  x:  3.04319   0.72499   0.11989   0.50291   0.05252   0.89955   0.44694   0.28029   0.05053   0.22041   0.17174   2.15608   3.15124   3.30718   0.17927  17.97165  
 22  1.0508   5819.202324  x:  2.99986   0.74110   0.11808   0.50946   0.04582   0.89940   0.47891   0.27460   0.04240   0.21599   0.17785   2.16415   3.03812   3.16484   0.18642  23.60479  
 23  1.7279   5818.943511  x:  3.04931   0.74764   0.09463   0.50490   0.04863   0.88033   0.55511   0.27340   0.04869   0.21315   0.17620   2.16274   3.04955   3.23864   0.18019  34.22532  
 24  3.2549   5818.853433  x:  3.03157   0.74019   0.10078   0.50361   0.04648   0.88314   0.59288   0.27436   0.04881   0.21494   0.17536   2.16362   2.93297   3.10194   0.18057  39.48334  
 25  4.7713   5818.754697  x:  3.04945   0.73160   0.11377   0.50434   0.04454   0.89417   0.65740   0.27528   0.04745   0.21832   0.17716   2.16761   3.04917   3.19404   0.18107  49.08610  
 26  5.8138   5818.673575  x:  3.07011   0.73860   0.11131   0.50537   0.05112   0.89273   0.76844   0.27455   0.04696   0.21598   0.17745   2.17162   2.95954   3.12974   0.18069  64.43228  
 27  6.7121   5818.657907  x:  3.08391   0.73924   0.11108   0.50750   0.05004   0.89431   0.81548   0.27609   0.04757   0.21664   0.17645   2.17067   2.99343   3.17027   0.18003  70.89815  
 28  4.8798   5818.647819  x:  3.08404   0.73794   0.11123   0.50743   0.04883   0.89444   0.88528   0.27635   0.04766   0.21722   0.17668   2.17109   2.96115   3.13230   0.17988  79.53469  
 29  4.7931   5818.642247  x:  3.07595   0.73782   0.11070   0.50543   0.05008   0.89268   0.94702   0.27490   0.04742   0.21657   0.17737   2.17176   2.96412   3.13538   0.17995  87.19683  
 30  3.8980   5818.640914  x:  3.07089   0.73836   0.11057   0.50623   0.04931   0.89230   0.97564   0.27538   0.04758   0.21648   0.17667   2.17148   2.95336   3.12597   0.18020  90.46539  
 31  2.2856   5818.640267  x:  3.06991   0.73801   0.11035   0.50633   0.04936   0.89244   0.99729   0.27565   0.04728   0.21662   0.17687   2.17090   2.94991   3.12136   0.17994  92.61983  
 32  0.6417   5818.638682  x:  3.07422   0.73869   0.11072   0.50581   0.04959   0.89259   1.01620   0.27504   0.04762   0.21670   0.17696   2.17285   2.92180   3.09313   0.18025  93.01355  
 33  0.0801   5818.637803  x:  3.07768   0.73817   0.11100   0.50631   0.04952   0.89288   0.98832   0.27550   0.04753   0.21660   0.17685   2.17259   2.91468   3.08610   0.18019  88.32870  
 34  2.7050   5818.637592  x:  3.07572   0.73793   0.11091   0.50634   0.04945   0.89263   0.97527   0.27558   0.04741   0.21660   0.17686   2.17227   2.90930   3.08006   0.18013  86.39489  
 35  1.4426   5818.637572  x:  3.07475   0.73813   0.11085   0.50623   0.04941   0.89256   0.97279   0.27547   0.04745   0.21662   0.17685   2.17238   2.91012   3.08079   0.18019  86.13602  
 36  0.2295   5818.637572  x:  3.07466   0.73814   0.11081   0.50622   0.04941   0.89257   0.97324   0.27547   0.04745   0.21661   0.17685   2.17239   2.91004   3.08074   0.18019  86.18600  
 37  0.0425   5818.637572  x:  3.07466   0.73814   0.11081   0.50622   0.04941   0.89257   0.97319   0.27547   0.04745   0.21661   0.17685   2.17239   2.91004   3.08073   0.18019  86.17781  
 38  0.0083   5818.637572  x:  3.07466   0.73814   0.11081   0.50622   0.04941   0.89257   0.97319   0.27547   0.04745   0.21661   0.17685   2.17239   2.91004   3.08073   0.18019  86.17836  
 39  0.0018   5818.637572  x:  3.07466   0.73814   0.11081   0.50622   0.04941   0.89257   0.97319   0.27547   0.04745   0.21661   0.17685   2.17239   2.91004   3.08073   0.18019  86.17826  
 40  0.0003   5818.637572  x:  3.07466   0.73814   0.11081   0.50622   0.04941   0.89257   0.97319   0.27547   0.04745   0.21661   0.17685   2.17239   2.91004   3.08074   0.18019  86.17867  
 41  0.0004   5818.637572  x:  3.07466   0.73814   0.11081   0.50622   0.04941   0.89257   0.97319   0.27547   0.04745   0.21661   0.17685   2.17239   2.91004   3.08074   0.18019  86.17862  
 42  0.0001   5818.637572  x:  3.07466   0.73814   0.11081   0.50622   0.04941   0.89257   0.97319   0.27547   0.04745   0.21661   0.17685   2.17239   2.91004   3.08074   0.18019  86.17862  
 43  0.0054   5818.637572  x:  3.07466   0.73814   0.11081   0.50622   0.04941   0.89257   0.97319   0.27547   0.04745   0.21661   0.17685   2.17239   2.91004   3.08074   0.18019  86.17862  
 44  0.0195   5818.637572  x:  3.07466   0.73814   0.11081   0.50622   0.04941   0.89257   0.97319   0.27547   0.04745   0.21661   0.17685   2.17239   2.91004   3.08074   0.18019  86.17862  
 45  0.0005   5818.637572  x:  3.07466   0.73814   0.11081   0.50622   0.04941   0.89257   0.97319   0.27547   0.04745   0.21661   0.17685   2.17239   2.91004   3.08074   0.18019  86.17862  
check convergence!
