

TREE # 1

  0  0.0000   5937.322841  x:  1.68818   0.62797   0.05362   0.40791   0.00000   0.58873   0.30555   0.22177   0.06770   0.15393   0.17022   3.00000   0.90000   0.44664   1.85009   2.00000  
  1 99.0000   5897.468685  x:  1.71716   0.64504   0.09218   0.41542   0.10231   0.63269   0.32435   0.19958   0.01291   0.15598   0.12052   2.98166   0.77692   0.60236   1.81645   1.98431  
  2 362.0452   5879.630405  x:  1.76704   0.65950   0.13050   0.42121   0.13042   0.69653   0.34690   0.25048   0.11882   0.18269   0.17665   2.95324   0.70559   0.75106   1.77946   1.94944  
  3 299.2562   5852.200723  x:  1.91854   0.69681   0.19621   0.45069   0.00000   0.85200   0.38876   0.27677   0.08424   0.23396   0.17910   2.87608   0.78143   0.93449   1.71653   1.82874  
  4 149.9795   5845.316460  x:  2.02036   0.70906   0.19777   0.49156   0.05039   0.90817   0.40553   0.28693   0.08133   0.20727   0.19209   2.81448   0.87695   0.98456   1.68322   1.76310  
  5 130.9742   5837.574802  x:  2.22684   0.69401   0.10124   0.53790   0.03344   0.90493   0.35459   0.26706   0.08703   0.13642   0.20489   2.66251   0.87067   1.00981   1.60699   1.69535  
  6 76.6555   5830.886729  x:  2.45885   0.69769   0.01473   0.57558   0.05297   0.87042   0.31557   0.25387   0.09147   0.20948   0.20110   2.47760   0.86150   0.99321   1.52267   1.63026  
  7 171.4523   5822.694065  x:  2.78789   0.79069   0.06348   0.57196   0.06286   0.78388   0.33210   0.29379   0.10422   0.21130   0.16577   2.18923   0.81180   0.89469   1.39713   1.55952  
  8 127.3462   5821.174189  x:  2.84944   0.79837   0.06373   0.53739   0.06941   0.79336   0.37262   0.27155   0.08875   0.21163   0.20659   2.12977   0.79292   0.86051   1.36124   1.55154  
  9 52.5525   5820.563230  x:  2.87169   0.78577   0.04978   0.49674   0.07603   0.82357   0.38821   0.28330   0.09273   0.20975   0.18974   2.10831   0.78732   0.83802   1.32861   1.55153  
 10 23.6548   5820.188058  x:  2.88137   0.78038   0.06494   0.46879   0.08385   0.84657   0.35641   0.27715   0.09320   0.21130   0.19237   2.10384   0.78992   0.82092   1.27428   1.55449  
 11 13.5190   5818.318573  x:  2.88888   0.71447   0.10475   0.49582   0.08573   0.87231   0.35684   0.29728   0.07660   0.21818   0.19971   2.13237   0.80087   0.75486   0.86939   1.59495  
 12 14.5735   5818.100069  x:  2.89057   0.71587   0.10787   0.49881   0.08367   0.87577   0.36259   0.27979   0.08839   0.21862   0.19073   2.13687   0.80713   0.74905   0.81273   1.60637  
 13 28.6227   5817.802245  x:  2.90061   0.76822   0.08236   0.49211   0.08040   0.88139   0.36184   0.28769   0.08234   0.21826   0.19430   2.14345   0.82633   0.75988   0.74436   1.66776  
 14  7.0404   5817.376307  x:  2.95450   0.78658   0.08695   0.53719   0.07273   0.94046   0.35894   0.29133   0.07860   0.22218   0.19455   2.14199   0.84264   0.75703   0.69953   1.82929  
 15  6.6847   5816.884831  x:  3.03309   0.75988   0.10652   0.53368   0.06411   0.94318   0.36357   0.29279   0.07259   0.22537   0.19451   2.15231   0.88668   0.79367   0.66488   1.99828  
 16 15.1725   5816.323199  x:  3.18761   0.78819   0.10088   0.53090   0.06228   0.95080   0.37723   0.29292   0.06892   0.22805   0.19333   2.30269   0.87724   0.78701   0.70934   2.02488  
 17  2.2419   5815.161143  x:  3.13603   0.81394   0.08437   0.52358   0.03916   0.93637   0.38601   0.28525   0.05874   0.22476   0.18589   2.15941   0.89442   0.84305   0.87667   1.93237  
 18  1.3066   5814.563359  x:  3.17546   0.78439   0.09404   0.51271   0.04027   0.91506   0.39475   0.28250   0.04348   0.22231   0.18010   2.14966   0.86026   0.76333   0.83519   1.73850  
 19  0.2855   5814.432512  x:  3.20172   0.80057   0.08405   0.51913   0.04386   0.91834   0.38656   0.27744   0.04739   0.21865   0.17419   2.17610   0.86199   0.73103   0.78141   1.67914  
 20  0.0607   5814.371174  x:  3.21741   0.79131   0.08606   0.52271   0.04322   0.91971   0.38198   0.28124   0.04353   0.21751   0.17950   2.17293   0.87316   0.71827   0.73927   1.68130  
 21  0.0317   5814.335150  x:  3.22518   0.78653   0.08715   0.52082   0.04042   0.92112   0.38598   0.28038   0.04780   0.21898   0.17798   2.15776   0.88191   0.70274   0.70583   1.69315  
 22  0.0215   5814.300344  x:  3.23632   0.79786   0.08306   0.51910   0.03846   0.92367   0.38850   0.28130   0.04608   0.22084   0.17914   2.16786   0.88866   0.66794   0.65574   1.73131  
 23  0.0297   5814.272494  x:  3.20555   0.79333   0.08444   0.51884   0.03902   0.91582   0.38434   0.28089   0.04719   0.21971   0.17909   2.17127   0.90084   0.65219   0.61415   1.81134  
 24  0.0407   5814.268829  x:  3.19743   0.79262   0.08437   0.51909   0.03941   0.91564   0.38525   0.28037   0.04697   0.21906   0.17868   2.16610   0.90111   0.65246   0.61883   1.82186  
 25  0.0156   5814.267927  x:  3.19902   0.79299   0.08406   0.51937   0.03956   0.91670   0.38598   0.28028   0.04686   0.21878   0.17863   2.16535   0.90316   0.64948   0.61091   1.83458  
 26  0.0199   5814.267871  x:  3.20077   0.79312   0.08405   0.51909   0.03973   0.91666   0.38606   0.28033   0.04686   0.21869   0.17863   2.16590   0.90319   0.64948   0.61069   1.83741  
 27  0.0027   5814.267866  x:  3.20130   0.79318   0.08405   0.51912   0.03970   0.91663   0.38603   0.28033   0.04687   0.21869   0.17865   2.16574   0.90325   0.64943   0.61064   1.83787  
 28  0.0006   5814.267866  x:  3.20133   0.79318   0.08404   0.51914   0.03970   0.91663   0.38603   0.28033   0.04687   0.21870   0.17865   2.16574   0.90323   0.64941   0.61062   1.83785  
 29  0.0001   5814.267866  x:  3.20134   0.79319   0.08403   0.51914   0.03970   0.91663   0.38603   0.28033   0.04687   0.21870   0.17865   2.16575   0.90323   0.64942   0.61063   1.83789  
 30  0.0000   5814.267866  x:  3.20134   0.79319   0.08403   0.51914   0.03970   0.91663   0.38603   0.28033   0.04687   0.21870   0.17865   2.16575   0.90323   0.64942   0.61063   1.83788  
 31  0.0000   5814.267866  x:  3.20134   0.79319   0.08402   0.51914   0.03970   0.91663   0.38603   0.28033   0.04687   0.21870   0.17865   2.16575   0.90323   0.64942   0.61063   1.83788  
 32  0.0000   5814.267866  x:  3.20134   0.79319   0.08402   0.51914   0.03970   0.91663   0.38603   0.28033   0.04687   0.21870   0.17865   2.16575   0.90323   0.64942   0.61063   1.83788  
 33  0.0000   5814.267866  x:  3.20134   0.79319   0.08402   0.51914   0.03970   0.91663   0.38603   0.28033   0.04687   0.21870   0.17865   2.16575   0.90323   0.64942   0.61063   1.83788  
 34  0.0000   5814.267866  x:  3.20134   0.79319   0.08402   0.51914   0.03970   0.91663   0.38603   0.28033   0.04687   0.21870   0.17865   2.16575   0.90323   0.64942   0.61063   1.83788  