

TREE # 1

  0  0.0000   5904.574995  x:  1.72748   0.64872   0.05515   0.41982   0.00000   0.59925   0.30131   0.21273   0.07056   0.14815   0.17437   3.00000   1.49090   0.04565   0.23352   1.15845  
  1 99.0000   5885.585004  x:  1.75856   0.67485   0.10813   0.44125   0.12967   0.66046   0.34231   0.23409   0.05228   0.18616   0.15528   2.97243   1.46921   0.06866   0.32455   1.15680  
  2 263.7483   5875.402963  x:  1.84866   0.69879   0.15831   0.46394   0.09253   0.78889   0.38324   0.29638   0.09038   0.23257   0.20791   2.89343   1.42553   0.11678   0.32636   1.15128  
  3 115.3550   5862.267376  x:  1.99309   0.72417   0.20711   0.49553   0.01607   0.94850   0.41380   0.29610   0.01705   0.24869   0.17032   2.76547   1.35360   0.19602   0.31280   1.14258  
  4 203.1498   5851.958372  x:  2.19208   0.72205   0.19922   0.53691   0.03476   1.04280   0.39789   0.23510   0.08478   0.18092   0.12163   2.57796   1.24094   0.32187   0.26095   1.12714  
  5 124.8113   5840.835449  x:  2.44683   0.69392   0.13108   0.55861   0.06234   1.05056   0.32243   0.18521   0.06265   0.16696   0.19833   2.33085   1.07427   0.50767   0.25908   1.10421  
  6 177.7484   5831.377331  x:  2.67722   0.67476   0.06386   0.55924   0.09588   0.99147   0.27074   0.26008   0.04299   0.20322   0.17567   2.10251   0.91594   0.68553   0.20482   1.08002  
  7 250.1875   5826.776009  x:  2.80159   0.70593   0.07928   0.52166   0.06448   0.89152   0.32415   0.26102   0.05975   0.21180   0.15909   1.98948   0.81899   0.79776   0.22806   1.05973  
  8 97.5701   5825.307428  x:  2.84284   0.72699   0.09892   0.50740   0.07378   0.85512   0.35791   0.25129   0.05063   0.21505   0.17246   1.95829   0.78859   0.83531   0.19568   1.04967  
  9 88.8228   5825.107310  x:  2.85516   0.73077   0.10388   0.49956   0.07542   0.85459   0.35708   0.26066   0.04632   0.19872   0.17609   1.97590   0.77865   0.85286   0.19374   1.03740  
 10 11.3979   5824.506750  x:  2.88662   0.73244   0.10686   0.48329   0.07720   0.85853   0.35169   0.25762   0.04808   0.20398   0.17423   2.03412   0.75450   0.89998   0.18582   1.00000  
 11 23.4248   5824.319765  x:  2.90882   0.72494   0.09549   0.50285   0.07587   0.85606   0.36889   0.25886   0.04618   0.20310   0.17514   2.07433   0.74349   0.93130   0.18288   1.00000  
 12 14.4350   5824.272113  x:  2.91752   0.73040   0.10084   0.51755   0.07380   0.85076   0.36390   0.25924   0.04655   0.20417   0.17519   2.08511   0.74607   0.94041   0.18246   1.00000  
 13  6.0275   5823.995438  x:  3.03580   0.76114   0.07841   0.51015   0.07393   0.84437   0.36866   0.26348   0.04677   0.20714   0.17587   2.12343   0.92741   1.01499   0.18891   1.00000  
 14  1.9672   5823.494557  x:  3.09091   0.67976   0.13933   0.50588   0.06416   0.84623   0.37149   0.26884   0.04646   0.21037   0.17532   2.13701   1.24472   1.30722   0.18597   1.00000  
 15  4.7199   5822.272963  x:  3.06284   0.74868   0.11191   0.51299   0.03702   0.90924   0.37960   0.27749   0.04914   0.21808   0.17364   2.14001   1.97383   2.14423   0.17453   1.00000  
 16 18.0925   5821.948879  x:  3.10280   0.75061   0.09825   0.50365   0.04909   0.89186   0.37272   0.28035   0.04330   0.21884   0.17712   2.13187   2.63613   2.85198   0.17879   1.00000  
 17  0.5500   5821.761098  x:  3.08810   0.74118   0.11214   0.51158   0.05012   0.89677   0.37465   0.27811   0.04768   0.21768   0.17656   2.14033   3.62353   3.78835   0.17734   1.00000  
 18  0.5029   5821.689676  x:  3.06947   0.74371   0.11074   0.50731   0.04465   0.89436   0.37648   0.27822   0.04601   0.21805   0.17478   2.13860   4.32926   4.50911   0.18146   1.00000  
 19  0.5728   5821.658033  x:  3.06458   0.74652   0.10500   0.50508   0.04937   0.89246   0.37489   0.27763   0.04510   0.21712   0.17576   2.13852   5.13630   5.32836   0.17777   1.00000  
 20  0.5177   5821.642254  x:  3.06510   0.74324   0.10859   0.50817   0.04620   0.89259   0.37462   0.27786   0.04663   0.21737   0.17578   2.13945   6.00191   6.17649   0.18004   1.00000  
 21  0.5415   5821.635541  x:  3.07017   0.74525   0.10673   0.50617   0.04721   0.89324   0.37492   0.27799   0.04529   0.21744   0.17539   2.13788   6.96926   7.15530   0.17869   1.00000  
 22  0.5011   5821.632927  x:  3.06970   0.74456   0.10769   0.50750   0.04725   0.89357   0.37505   0.27788   0.04634   0.21746   0.17580   2.13861   7.77866   7.95958   0.17954   1.00000  
 23  0.5177   5821.631876  x:  3.07145   0.74430   0.10833   0.50704   0.04709   0.89362   0.37514   0.27809   0.04564   0.21759   0.17549   2.13857   8.75129   8.93321   0.17924   1.00000  
 24  0.5075   5821.631430  x:  3.06906   0.74485   0.10740   0.50710   0.04730   0.89350   0.37510   0.27795   0.04610   0.21750   0.17569   2.13847   9.60709   9.78963   0.17934   1.00000  
 25  0.5020   5821.631251  x:  3.06978   0.74433   0.10795   0.50716   0.04707   0.89334   0.37498   0.27799   0.04586   0.21749   0.17559   2.13862  10.45165  10.63296   0.17932   1.00000  
 26  0.4830   5821.631176  x:  3.06909   0.74473   0.10748   0.50703   0.04720   0.89339   0.37504   0.27793   0.04599   0.21747   0.17565   2.13850  11.35133  11.53369   0.17929   1.00000  
 27  0.4809   5821.631143  x:  3.06977   0.74445   0.10784   0.50716   0.04713   0.89340   0.37502   0.27797   0.04591   0.21749   0.17562   2.13858  12.20800  12.38960   0.17932   1.00000  
 28  0.4802   5821.631129  x:  3.06958   0.74463   0.10765   0.50708   0.04719   0.89345   0.37506   0.27796   0.04596   0.21749   0.17563   2.13852  13.22255  13.40469   0.17931   1.00000  
 29  0.5278   5821.631124  x:  3.06970   0.74452   0.10777   0.50713   0.04715   0.89342   0.37503   0.27797   0.04593   0.21749   0.17562   2.13856  14.06338  14.24518   0.17932   1.00000  
 30  0.4952   5821.631122  x:  3.06952   0.74459   0.10768   0.50709   0.04717   0.89341   0.37504   0.27796   0.04595   0.21749   0.17563   2.13854  15.43687  15.61887   0.17931   1.00000  
 31  0.6131   5821.631121  x:  3.06961   0.74455   0.10773   0.50712   0.04716   0.89341   0.37503   0.27797   0.04594   0.21749   0.17562   2.13855  16.26752  16.44939   0.17931   1.00000  
 32  0.5683   5821.631121  x:  3.06966   0.74454   0.10775   0.50712   0.04716   0.89342   0.37503   0.27797   0.04594   0.21749   0.17562   2.13855  18.98756  19.16942   0.17932   1.00000  
 33  1.2135   5821.631121  x:  3.06964   0.74455   0.10774   0.50712   0.04716   0.89342   0.37503   0.27797   0.04594   0.21749   0.17562   2.13855  18.23531  18.41718   0.17932   1.00000  
 34  3.8376   5821.631121  x:  3.06964   0.74455   0.10774   0.50712   0.04716   0.89342   0.37503   0.27797   0.04594   0.21749   0.17562   2.13855  18.23531  18.41718   0.17932   1.00000  
 35 29.0550   5821.631121  x:  3.06965   0.74455   0.10774   0.50712   0.04716   0.89342   0.37503   0.27797   0.04594   0.21749   0.17562   2.13856  18.17609  18.35798   0.17931   1.00000  
 36 391.0663   5821.631121  x:  3.06965   0.74455   0.10774   0.50712   0.04716   0.89342   0.37503   0.27797   0.04594   0.21749   0.17562   2.13856  18.17249  18.35437   0.17931   1.00000  
 37 20.3866   5821.631121  x:  3.06965   0.74454   0.10774   0.50712   0.04716   0.89342   0.37503   0.27797   0.04594   0.21749   0.17562   2.13856  18.14722  18.32911   0.17931   1.00000  
 38  6.9525   5821.631121  x:  3.06965   0.74454   0.10774   0.50712   0.04716   0.89342   0.37503   0.27797   0.04594   0.21749   0.17562   2.13856  18.14721  18.32909   0.17931   1.00000  
 39 44.4003   5821.631121  x:  3.06962   0.74454   0.10774   0.50712   0.04716   0.89342   0.37503   0.27797   0.04594   0.21749   0.17562   2.13856  18.14534  18.32723   0.17932   1.00000  
 40  0.0042   5821.631121  x:  3.06960   0.74456   0.10772   0.50711   0.04716   0.89342   0.37504   0.27797   0.04594   0.21749   0.17563   2.13855  18.14534  18.32725   0.17931   1.00000  
 41  0.0000   5821.631121  x:  3.06960   0.74456   0.10772   0.50711   0.04716   0.89342   0.37504   0.27797   0.04594   0.21749   0.17563   2.13855  18.14534  18.32726   0.17931   1.00000  
 42  0.0000   5821.631121  x:  3.06960   0.74456   0.10772   0.50711   0.04716   0.89342   0.37504   0.27797   0.04594   0.21749   0.17563   2.13855  18.14534  18.32726   0.17931   1.00000  