

TREE # 1

  0  0.0000   5899.146525  x:  1.72248   0.63910   0.05849   0.41909   0.00000   0.59497   0.30471   0.22209   0.06959   0.14963   0.16782   3.00000   1.38161   0.13211   0.22789   1.99071  
  1 99.0000   5881.967986  x:  1.75392   0.66633   0.11178   0.43983   0.13471   0.65820   0.34381   0.23563   0.04473   0.18803   0.15861   2.97267   1.36184   0.15332   0.30051   1.98992  
  2 254.6045   5871.521633  x:  1.84870   0.69436   0.16457   0.46081   0.09933   0.79408   0.38468   0.30386   0.08605   0.23198   0.20636   2.89256   1.31849   0.20170   0.30334   1.98706  
  3 116.5385   5858.422076  x:  1.99323   0.72320   0.21249   0.48857   0.02297   0.95376   0.41206   0.30594   0.01251   0.24625   0.16951   2.76960   1.25052   0.27763   0.29535   1.98297  
  4 205.6764   5849.510830  x:  2.17172   0.72483   0.20543   0.52538   0.03999   1.03751   0.40084   0.24372   0.06949   0.19269   0.12427   2.60882   1.15727   0.38250   0.24114   1.97692  
  5 121.4638   5840.009749  x:  2.40254   0.70047   0.14226   0.54741   0.05311   1.04691   0.33561   0.20022   0.06445   0.16587   0.18877   2.39638   1.01900   0.53741   0.26077   1.96789  
  6 171.5777   5830.728750  x:  2.63896   0.67900   0.07073   0.55481   0.09213   0.99121   0.28228   0.26138   0.03839   0.20787   0.18204   2.17185   0.87535   0.70151   0.19924   1.95673  
  7 232.5959   5827.151719  x:  2.74398   0.70046   0.07812   0.52872   0.07333   0.91229   0.31852   0.27998   0.05501   0.21235   0.15214   2.07716   0.80545   0.78472   0.22506   1.94918  
  8 96.4364   5825.160032  x:  2.80655   0.72959   0.10476   0.50610   0.07319   0.85500   0.36501   0.26492   0.04527   0.21647   0.17350   2.02578   0.76701   0.83388   0.19743   1.94272  
  9 92.5625   5825.050247  x:  2.81831   0.73174   0.10832   0.49478   0.07605   0.85582   0.36287   0.27193   0.04263   0.20488   0.17494   2.04114   0.76407   0.84769   0.19452   1.93566  
 10  7.1927   5824.779525  x:  2.85687   0.73129   0.11033   0.46600   0.07824   0.86028   0.35715   0.26612   0.04555   0.21421   0.17297   2.09952   0.75713   0.89456   0.18855   1.90969  
 11 17.0459   5824.498286  x:  2.90497   0.72507   0.10185   0.48996   0.07648   0.85523   0.37491   0.26851   0.04327   0.21325   0.17415   2.17438   0.75757   0.95448   0.18349   1.87012  
 12 14.6478   5824.430939  x:  2.91730   0.73297   0.10963   0.50147   0.07466   0.85027   0.36601   0.26880   0.04407   0.21471   0.17397   2.18926   0.76492   0.96970   0.18271   1.85511  
 13  9.1296   5823.570357  x:  3.07190   0.79921   0.06042   0.49625   0.07479   0.85038   0.37301   0.27273   0.04360   0.21655   0.17499   2.20400   1.14826   1.18092   0.19292   1.45198  
 14  4.2167   5822.735656  x:  3.11398   0.69313   0.13620   0.49634   0.06614   0.85029   0.37294   0.27420   0.04198   0.21608   0.17494   2.17473   1.48755   1.48938   0.19063   1.00000  
 15 14.8580   5821.953147  x:  2.99856   0.72003   0.12829   0.50657   0.05154   0.89334   0.37399   0.27270   0.04183   0.21516   0.17428   2.12083   1.81373   2.00509   0.17590   1.00000  
 16 10.2749   5821.814653  x:  3.06322   0.74857   0.10826   0.50736   0.04475   0.89665   0.37634   0.27919   0.04673   0.21790   0.17476   2.14032   1.94875   2.14083   0.17821   1.00000  
 17  0.1697   5821.765110  x:  3.10709   0.75105   0.09799   0.50669   0.04897   0.89506   0.37377   0.27910   0.04457   0.21750   0.17595   2.13514   2.30776   2.49972   0.17529   1.00000  
 18  0.1641   5821.693913  x:  3.08184   0.73720   0.11285   0.50923   0.04429   0.89572   0.37365   0.27706   0.04564   0.21720   0.17548   2.13339   3.12178   3.30445   0.18090   1.00000  
 19  0.2990   5821.658989  x:  3.07010   0.74652   0.10840   0.50697   0.04799   0.89438   0.37572   0.27769   0.04648   0.21718   0.17574   2.14350   3.69548   3.87398   0.17852   1.00000  
 20  0.4311   5821.644113  x:  3.06743   0.74512   0.10555   0.50627   0.04760   0.89141   0.37522   0.27851   0.04548   0.21786   0.17536   2.13455   4.53179   4.71796   0.17976   1.00000  
 21  0.4562   5821.636816  x:  3.06804   0.74361   0.10898   0.50775   0.04642   0.89449   0.37485   0.27800   0.04587   0.21769   0.17566   2.13990   5.26399   5.44245   0.17919   1.00000  
 22  0.4841   5821.633402  x:  3.06882   0.74523   0.10675   0.50654   0.04776   0.89240   0.37493   0.27789   0.04609   0.21713   0.17575   2.13839   6.24082   6.42479   0.17930   1.00000  
 23  0.5064   5821.632073  x:  3.07065   0.74440   0.10802   0.50737   0.04679   0.89380   0.37513   0.27788   0.04589   0.21761   0.17545   2.13838   7.03357   7.21464   0.17930   1.00000  
 24  0.4951   5821.631488  x:  3.06918   0.74453   0.10770   0.50701   0.04745   0.89335   0.37497   0.27802   0.04599   0.21742   0.17581   2.13876   8.07061   8.25304   0.17934   1.00000  
 25  0.5163   5821.631274  x:  3.07023   0.74464   0.10776   0.50715   0.04705   0.89350   0.37512   0.27800   0.04587   0.21758   0.17552   2.13839   8.90228   9.08405   0.17931   1.00000  
 26  0.4973   5821.631182  x:  3.06922   0.74446   0.10775   0.50711   0.04723   0.89341   0.37498   0.27795   0.04599   0.21744   0.17570   2.13864   9.84919  10.03117   0.17932   1.00000  
 27  0.4892   5821.631147  x:  3.06973   0.74464   0.10767   0.50710   0.04711   0.89338   0.37505   0.27796   0.04592   0.21750   0.17558   2.13850  10.66548  10.84735   0.17930   1.00000  
 28  0.4873   5821.631132  x:  3.06937   0.74449   0.10774   0.50711   0.04718   0.89342   0.37501   0.27796   0.04596   0.21747   0.17566   2.13858  11.58628  11.76819   0.17932   1.00000  
 29  0.4698   5821.631125  x:  3.06971   0.74460   0.10770   0.50711   0.04715   0.89341   0.37505   0.27797   0.04593   0.21750   0.17561   2.13853  12.38686  12.56877   0.17931   1.00000  
 30  0.4734   5821.631123  x:  3.06957   0.74453   0.10774   0.50712   0.04717   0.89343   0.37503   0.27796   0.04595   0.21749   0.17564   2.13856  13.43203  13.61396   0.17932   1.00000  
 31  0.5094   5821.631121  x:  3.06967   0.74458   0.10771   0.50711   0.04716   0.89342   0.37504   0.27797   0.04594   0.21749   0.17562   2.13854  14.47881  14.66073   0.17931   1.00000  
 32  0.5868   5821.631121  x:  3.06957   0.74455   0.10772   0.50711   0.04716   0.89342   0.37503   0.27796   0.04594   0.21749   0.17563   2.13855  15.75694  15.93885   0.17931   1.00000  
 33  0.6596   5821.631121  x:  3.06959   0.74456   0.10771   0.50711   0.04716   0.89341   0.37503   0.27797   0.04594   0.21749   0.17562   2.13855  18.13075  18.31266   0.17931   1.00000  
 34  1.0495   5821.631121  x:  3.06959   0.74456   0.10771   0.50711   0.04716   0.89341   0.37503   0.27797   0.04594   0.21749   0.17562   2.13855  18.03262  18.21453   0.17931   1.00000  
 35  3.3537   5821.631121  x:  3.06959   0.74456   0.10771   0.50711   0.04716   0.89341   0.37503   0.27797   0.04594   0.21749   0.17562   2.13855  18.03181  18.21372   0.17931   1.00000  
 36 18.2532   5821.631121  x:  3.06959   0.74456   0.10772   0.50711   0.04716   0.89341   0.37503   0.27797   0.04594   0.21749   0.17562   2.13854  18.09468  18.27658   0.17931   1.00000  
 37  0.3080   5821.631121  x:  3.06960   0.74456   0.10772   0.50711   0.04716   0.89342   0.37504   0.27797   0.04594   0.21749   0.17563   2.13855  18.09463  18.27655   0.17931   1.00000  
 38  0.0000   5821.631121  x:  3.06960   0.74456   0.10772   0.50711   0.04716   0.89342   0.37504   0.27797   0.04594   0.21749   0.17563   2.13855  18.09458  18.27650   0.17931   1.00000  
 39  0.0000   5821.631121  x:  3.06960   0.74456   0.10772   0.50711   0.04716   0.89342   0.37504   0.27797   0.04594   0.21749   0.17563   2.13855  18.09459  18.27651   0.17931   1.00000  