

TREE # 1

  0  0.0000   5902.460404  x:  1.67952   0.62465   0.05053   0.41157   0.00000   0.58907   0.29567   0.21761   0.08016   0.15012   0.17547   3.00000   1.23388   0.15946   0.20067  
  1 99.0000   5882.504346  x:  1.70818   0.65150   0.10408   0.43051   0.12782   0.64308   0.33206   0.22632   0.04924   0.17740   0.14963   2.97679   1.21534   0.17898   0.28763  
  2 291.7387   5872.431123  x:  1.78553   0.68085   0.15848   0.45229   0.11351   0.75378   0.37376   0.28551   0.09081   0.22423   0.20199   2.91522   1.18370   0.21401   0.29791  
  3 130.3256   5858.136867  x:  1.94206   0.71896   0.21948   0.48750   0.02729   0.92544   0.41234   0.28808   0.01658   0.24616   0.16849   2.79032   1.12013   0.28457   0.28478  
  4 182.1129   5849.082119  x:  2.13120   0.72053   0.20981   0.52634   0.03301   1.01181   0.39612   0.23488   0.08520   0.17703   0.12339   2.63023   1.03383   0.38200   0.25898  
  5 114.1086   5838.264522  x:  2.41035   0.69171   0.13255   0.55648   0.07737   1.02689   0.32061   0.18958   0.05665   0.17327   0.20349   2.38347   0.89268   0.54161   0.22832  
  6 158.8939   5830.559464  x:  2.62564   0.67297   0.06576   0.55708   0.09859   0.97712   0.27622   0.26785   0.04651   0.20193   0.16945   2.18882   0.77801   0.67239   0.20459  
  7 210.7226   5825.393551  x:  2.78738   0.71802   0.09157   0.50728   0.08312   0.84413   0.35469   0.25156   0.05457   0.22696   0.16664   2.04502   0.68534   0.78360   0.19602  
  8 81.0722   5825.172167  x:  2.79625   0.72383   0.09866   0.50150   0.08686   0.83826   0.35803   0.26044   0.04873   0.21127   0.17179   2.04317   0.68106   0.79123   0.18862  
  9 20.1769   5825.133747  x:  2.79999   0.72430   0.09991   0.49688   0.08479   0.83807   0.35571   0.26172   0.04863   0.20809   0.17280   2.04805   0.67907   0.79669   0.19299  
 10  7.7252   5824.978021  x:  2.82180   0.72557   0.10654   0.47365   0.08834   0.84233   0.34713   0.25990   0.05027   0.21209   0.17091   2.08542   0.67131   0.82916   0.18451  
 11 10.8079   5824.813970  x:  2.85036   0.71638   0.09795   0.47667   0.08876   0.84350   0.36314   0.26149   0.04869   0.21043   0.17165   2.13847   0.66476   0.87470   0.17976  
 12 11.4927   5824.726767  x:  2.86728   0.72184   0.10423   0.49545   0.08623   0.83657   0.35857   0.26204   0.04895   0.21210   0.17155   2.16782   0.66661   0.90232   0.17752  
 13 10.2746   5824.224637  x:  2.96968   0.80108   0.05433   0.49503   0.08175   0.84900   0.36508   0.26581   0.04849   0.21457   0.17359   2.19927   0.96568   1.10658   0.18588  
 14  2.0315   5823.203207  x:  3.12678   0.72624   0.11517   0.49717   0.06283   0.85931   0.37291   0.27385   0.04594   0.21718   0.17440   2.20561   1.60179   1.59651   0.19365  
 15 17.2755   5822.203759  x:  3.04701   0.74365   0.12095   0.51057   0.03911   0.91280   0.37856   0.27727   0.04519   0.21740   0.17390   2.14648   2.08510   2.25681   0.17930  
 16 13.1953   5821.921739  x:  3.11306   0.74351   0.10335   0.50557   0.05096   0.88859   0.37567   0.27902   0.04636   0.21834   0.17767   2.12575   2.70509   2.92521   0.17299  
 17  0.4872   5821.769741  x:  3.10499   0.75194   0.10249   0.51056   0.04234   0.89784   0.37245   0.27883   0.04628   0.21780   0.17555   2.14151   3.59613   3.77047   0.18246  
 18  0.4518   5821.687866  x:  3.06596   0.74468   0.10758   0.50731   0.04881   0.89611   0.37420   0.27733   0.04609   0.21654   0.17526   2.14253   4.35375   4.53201   0.17724  
 19  0.5235   5821.657464  x:  3.05834   0.74245   0.10829   0.50573   0.04707   0.88950   0.37611   0.27759   0.04583   0.21783   0.17575   2.13447   5.14067   5.32610   0.18030  
 20  0.5391   5821.641243  x:  3.06870   0.74605   0.10836   0.50810   0.04661   0.89531   0.37449   0.27856   0.04593   0.21744   0.17553   2.14280   6.15500   6.33115   0.17921  
 21  0.4949   5821.635241  x:  3.07011   0.74379   0.10727   0.50671   0.04751   0.89268   0.37518   0.27795   0.04588   0.21759   0.17569   2.13621   6.94064   7.12553   0.17929  
 22  0.5025   5821.632644  x:  3.07200   0.74539   0.10802   0.50743   0.04690   0.89425   0.37499   0.27786   0.04604   0.21741   0.17557   2.14058   8.06671   8.24678   0.17928  
 23  0.5024   5821.631755  x:  3.06932   0.74405   0.10771   0.50698   0.04735   0.89311   0.37509   0.27791   0.04590   0.21748   0.17564   2.13744   8.83844   9.02138   0.17933  
 24  0.4885   5821.631373  x:  3.06964   0.74490   0.10775   0.50719   0.04704   0.89359   0.37500   0.27803   0.04596   0.21751   0.17561   2.13935   9.80247   9.98368   0.17931  
 25  0.4740   5821.631224  x:  3.06896   0.74435   0.10763   0.50704   0.04722   0.89325   0.37504   0.27796   0.04592   0.21748   0.17564   2.13800  10.72288  10.90520   0.17932  
 26  0.5121   5821.631164  x:  3.06980   0.74470   0.10773   0.50714   0.04711   0.89348   0.37502   0.27796   0.04596   0.21749   0.17562   2.13888  11.55555  11.73721   0.17930  
 27  0.4672   5821.631138  x:  3.06956   0.74446   0.10772   0.50709   0.04720   0.89338   0.37504   0.27796   0.04593   0.21748   0.17563   2.13831  12.55054  12.73265   0.17932  
 28  0.5085   5821.631128  x:  3.06975   0.74461   0.10774   0.50712   0.04715   0.89345   0.37504   0.27797   0.04594   0.21749   0.17562   2.13868  13.32707  13.50889   0.17931  
 29  0.4766   5821.631124  x:  3.06953   0.74452   0.10772   0.50710   0.04718   0.89340   0.37504   0.27797   0.04594   0.21749   0.17563   2.13845  14.30158  14.48357   0.17932  
 30  0.4721   5821.631121  x:  3.06959   0.74458   0.10771   0.50711   0.04715   0.89342   0.37503   0.27797   0.04594   0.21749   0.17563   2.13860  16.13399  16.31586   0.17931  
 31  0.8044   5821.631121  x:  3.06958   0.74456   0.10772   0.50711   0.04716   0.89341   0.37503   0.27796   0.04594   0.21749   0.17563   2.13855  16.05830  16.24021   0.17931  
 32  0.0980   5821.631121  x:  3.06959   0.74455   0.10772   0.50711   0.04717   0.89341   0.37504   0.27796   0.04594   0.21749   0.17563   2.13852  16.41555  16.59749   0.17931  
 33  0.3972   5821.631121  x:  3.06961   0.74456   0.10772   0.50711   0.04716   0.89342   0.37504   0.27797   0.04594   0.21749   0.17563   2.13856  16.58236  16.76427   0.17931  
 34  0.1240   5821.631121  x:  3.06962   0.74457   0.10772   0.50711   0.04716   0.89342   0.37504   0.27797   0.04594   0.21749   0.17563   2.13857  16.81968  17.00158   0.17931  
 35  0.9289   5821.631121  x:  3.06963   0.74457   0.10772   0.50711   0.04716   0.89343   0.37504   0.27797   0.04594   0.21749   0.17563   2.13858  17.26063  17.44252   0.17931  
 36  1.4316   5821.631121  x:  3.06962   0.74457   0.10772   0.50711   0.04716   0.89342   0.37504   0.27797   0.04594   0.21749   0.17563   2.13857  17.02473  17.20663   0.17931  
 37  0.6228   5821.631121  x:  3.06960   0.74456   0.10772   0.50711   0.04716   0.89342   0.37504   0.27797   0.04594   0.21749   0.17563   2.13855  17.02519  17.20710   0.17931  
 38  0.0003   5821.631121  x:  3.06960   0.74456   0.10772   0.50711   0.04716   0.89342   0.37504   0.27797   0.04594   0.21749   0.17563   2.13855  17.02502  17.20694   0.17931  
 39  0.0002   5821.631121  x:  3.06960   0.74456   0.10772   0.50711   0.04716   0.89342   0.37504   0.27797   0.04594   0.21749   0.17563   2.13855  17.02503  17.20695   0.17931  