

TREE # 1

  0  0.0000   5978.828670  x:  1.21095   0.47127   0.07183   0.31104   0.00000   0.44252   0.22460   0.15402   0.07746   0.11161   0.15129   3.00000   1.24297   0.12527   0.28721   1.12569  
  1 99.0000   5923.928462  x:  1.26698   0.53779   0.16839   0.37097   0.22512   0.56120   0.32352   0.24040   0.07633   0.19256   0.15979   2.97308   1.23395   0.13474   0.23246   1.12514  
  2 542.9053   5898.379588  x:  1.42692   0.60590   0.22543   0.41581   0.17006   0.73861   0.38415   0.25520   0.00000   0.20407   0.14582   2.90363   1.18815   0.18154   0.35788   1.12416  
  3 190.4427   5883.391550  x:  1.57807   0.65745   0.25931   0.45263   0.09112   0.88148   0.42426   0.28859   0.06796   0.21410   0.18014   2.83532   1.14864   0.22178   0.41136   1.12344  
  4 470.4355   5862.156111  x:  1.76011   0.69237   0.26025   0.49379   0.00000   0.98799   0.42592   0.29052   0.04652   0.22605   0.17762   2.74339   1.10973   0.26187   0.29669   1.12209  
  5 208.2918   5845.636865  x:  2.11824   0.68378   0.13234   0.54912   0.09208   0.98110   0.34662   0.23085   0.06504   0.13725   0.16224   2.52275   0.97932   0.39501   0.26571   1.11926  
  6 104.4204   5837.279097  x:  2.32954   0.67382   0.05003   0.54885   0.12326   0.91659   0.29389   0.24749   0.05266   0.22064   0.18058   2.37738   0.88682   0.48995   0.27227   1.11666  
  7 200.9034   5831.525167  x:  2.47383   0.71158   0.08006   0.49056   0.11875   0.78612   0.33410   0.31099   0.04140   0.20271   0.16720   2.24654   0.79755   0.58243   0.26047   1.11311  
  8 87.0414   5830.271815  x:  2.49638   0.71884   0.09486   0.46546   0.11970   0.75951   0.36785   0.27329   0.04126   0.21095   0.18619   2.20942   0.76781   0.61359   0.25311   1.11147  
  9 49.8128   5829.876904  x:  2.48192   0.70576   0.09401   0.45065   0.11870   0.76932   0.37720   0.26853   0.04870   0.21688   0.16619   2.18610   0.74049   0.64297   0.24747   1.10897  
 10 15.4750   5829.116001  x:  2.43352   0.67601   0.09971   0.43176   0.11719   0.79751   0.37296   0.27869   0.04070   0.20728   0.18163   2.13091   0.67228   0.71730   0.23231   1.10147  
 11 32.6595   5828.696205  x:  2.40049   0.67758   0.12471   0.45374   0.11217   0.80035   0.35109   0.27198   0.04387   0.21029   0.17851   2.09779   0.63012   0.76440   0.22613   1.09527  
 12 24.4116   5828.569588  x:  2.39036   0.67760   0.11643   0.47768   0.10665   0.79583   0.36416   0.27410   0.04279   0.21000   0.17905   2.09051   0.61943   0.77890   0.22413   1.09023  
 13  7.4156   5828.007678  x:  2.39305   0.76415   0.06700   0.47268   0.10190   0.80726   0.36459   0.27502   0.04158   0.20972   0.17888   2.10508   0.61720   0.82267   0.21145   1.03388  
 14  2.2381   5827.446056  x:  2.41242   0.76103   0.07091   0.47425   0.09876   0.81009   0.36517   0.27522   0.04112   0.21032   0.17860   2.11530   0.62713   0.83736   0.20731   1.00000  
 15  6.2926   5826.757528  x:  2.42238   0.76438   0.07194   0.47652   0.09047   0.82409   0.36513   0.27578   0.04038   0.21147   0.17736   1.97814   0.73407   0.79861   0.21256   1.00000  
 16  4.5179   5822.621781  x:  2.81651   0.74759   0.10560   0.50472   0.03181   0.88652   0.37815   0.27890   0.04141   0.21752   0.17298   2.12450   0.95846   1.14868   0.17277   1.00000  
 17  0.7577   5822.087446  x:  2.98126   0.73055   0.11040   0.50105   0.04660   0.88475   0.37195   0.27569   0.04234   0.21554   0.17719   2.14030   1.26521   1.43433   0.18716   1.00000  
 18  0.3201   5821.902623  x:  3.11201   0.74414   0.10413   0.50563   0.04761   0.88891   0.37263   0.27793   0.04247   0.21624   0.17660   2.13689   1.66294   1.84330   0.17629   1.00000  
 19  0.3329   5821.834760  x:  3.13210   0.75073   0.10794   0.51033   0.04468   0.90046   0.37845   0.28064   0.04478   0.21834   0.17521   2.14123   2.07711   2.25658   0.18100   1.00000  
 20  0.2612   5821.755792  x:  3.08456   0.74649   0.11013   0.50907   0.05286   0.90075   0.37822   0.27985   0.04588   0.21972   0.17670   2.14717   2.73623   2.92647   0.17776   1.00000  
 21  0.3301   5821.684290  x:  3.05030   0.73779   0.11528   0.50837   0.04525   0.89568   0.37393   0.28126   0.04581   0.21821   0.17575   2.12660   3.63199   3.82227   0.17941   1.00000  
 22  0.3105   5821.651676  x:  3.07385   0.74342   0.10830   0.50663   0.04759   0.89173   0.37515   0.27591   0.04688   0.21757   0.17553   2.14039   4.43427   4.61022   0.17934   1.00000  
 23  0.5225   5821.640102  x:  3.06741   0.74658   0.10548   0.50693   0.04657   0.89267   0.37473   0.27921   0.04585   0.21670   0.17572   2.13972   5.34062   5.52759   0.17914   1.00000  
 24  0.4671   5821.634787  x:  3.06926   0.74547   0.10678   0.50716   0.04739   0.89416   0.37510   0.27712   0.04620   0.21782   0.17555   2.13737   6.18430   6.36284   0.17961   1.00000  
 25  0.4710   5821.632529  x:  3.07005   0.74410   0.10808   0.50715   0.04709   0.89323   0.37495   0.27856   0.04561   0.21744   0.17569   2.13879   7.14049   7.32482   0.17908   1.00000  
 26  0.4923   5821.631737  x:  3.06975   0.74432   0.10817   0.50710   0.04722   0.89356   0.37517   0.27764   0.04596   0.21757   0.17555   2.13874   7.97457   8.15482   0.17947   1.00000  
 27  0.4757   5821.631344  x:  3.06948   0.74457   0.10765   0.50714   0.04712   0.89330   0.37498   0.27817   0.04588   0.21736   0.17565   2.13855   8.99997   9.18299   0.17919   1.00000  
 28  0.4937   5821.631217  x:  3.06956   0.74463   0.10765   0.50710   0.04718   0.89348   0.37505   0.27783   0.04602   0.21753   0.17561   2.13846   9.82328  10.00454   0.17940   1.00000  
 29  0.4928   5821.631161  x:  3.06965   0.74457   0.10768   0.50710   0.04715   0.89334   0.37501   0.27806   0.04593   0.21748   0.17565   2.13858  10.73498  10.91744   0.17925   1.00000  
 30  0.4509   5821.631137  x:  3.06960   0.74455   0.10775   0.50711   0.04717   0.89345   0.37505   0.27792   0.04596   0.21751   0.17562   2.13854  11.62730  11.80889   0.17935   1.00000  
 31  0.5010   5821.631128  x:  3.06961   0.74455   0.10772   0.50711   0.04716   0.89340   0.37503   0.27800   0.04592   0.21747   0.17563   2.13856  12.38434  12.56646   0.17929   1.00000  
 32  0.4470   5821.631124  x:  3.06959   0.74456   0.10773   0.50711   0.04717   0.89344   0.37504   0.27794   0.04594   0.21749   0.17562   2.13854  13.48024  13.66198   0.17933   1.00000  
 33  0.4976   5821.631122  x:  3.06961   0.74456   0.10772   0.50711   0.04716   0.89341   0.37503   0.27798   0.04594   0.21749   0.17563   2.13855  14.05214  14.23413   0.17930   1.00000  
 34  0.4113   5821.631121  x:  3.06960   0.74456   0.10772   0.50711   0.04716   0.89342   0.37504   0.27796   0.04595   0.21749   0.17563   2.13854  15.02628  15.20812   0.17932   1.00000  
 35  0.4087   5821.631121  x:  3.06961   0.74456   0.10772   0.50711   0.04716   0.89341   0.37503   0.27797   0.04594   0.21749   0.17563   2.13855  17.61938  17.80133   0.17931   1.00000  
 36  0.9999   5821.631121  x:  3.06961   0.74456   0.10772   0.50711   0.04716   0.89341   0.37503   0.27797   0.04594   0.21749   0.17563   2.13855  17.21309  17.39502   0.17931   1.00000  
 37  1.1552   5821.631121  x:  3.06960   0.74456   0.10772   0.50711   0.04716   0.89342   0.37504   0.27796   0.04594   0.21749   0.17563   2.13855  17.85151  18.03341   0.17931   1.00000  
 38  0.5751   5821.631121  x:  3.06960   0.74456   0.10772   0.50711   0.04716   0.89342   0.37504   0.27797   0.04594   0.21749   0.17563   2.13855  17.85066  18.03258   0.17931   1.00000  
 39  0.0013   5821.631121  x:  3.06960   0.74456   0.10772   0.50711   0.04716   0.89342   0.37504   0.27797   0.04594   0.21749   0.17563   2.13855  17.85150  18.03342   0.17931   1.00000  
 40  0.0011   5821.631121  x:  3.06960   0.74456   0.10772   0.50711   0.04716   0.89342   0.37504   0.27797   0.04594   0.21749   0.17563   2.13855  17.85139  18.03331   0.17931   1.00000  
 41  0.1539   5821.631121  x:  3.06960   0.74456   0.10772   0.50711   0.04716   0.89342   0.37504   0.27797   0.04594   0.21749   0.17563   2.13855  17.85183  18.03374   0.17931   1.00000  
 42  0.0002   5821.631121  x:  3.06960   0.74456   0.10772   0.50711   0.04716   0.89342   0.37504   0.27797   0.04594   0.21749   0.17563   2.13855  17.85183  18.03374   0.17931   1.00000  