

TREE # 1

  0  0.0000  11411.378886  x:  1.40570   0.52769   0.04734   0.33161   0.00000   0.48223   0.25114   0.19316   0.06166   0.14419   0.16239   3.00000   0.00011  
  1 99.0000   6490.828108  x:  1.40588   0.52793   0.04806   0.33182   0.43851   0.48255   0.25152   0.19337   0.06180   0.14434   0.16252   2.98568   8.99170  
  2 7368849.8057   6437.022056  x:  1.50752   0.60103   0.27943   0.40427   0.31852   0.67858   0.38115   0.30173   0.13999   0.24039   0.20969   2.95543   8.99748  
  3 330.6735   6410.251495  x:  1.61747   0.61832   0.33004   0.43711   0.15889   0.79298   0.40819   0.26490   0.04035   0.23288   0.13306   2.92408   9.00521  
  4 219.5133   6397.715250  x:  1.70878   0.60783   0.30672   0.45032   0.02923   0.84446   0.39067   0.24144   0.06438   0.20497   0.14967   2.89660   9.01149  
  5 219.0717   6383.139264  x:  2.12854   0.56592   0.18449   0.56193   0.08624   0.99132   0.32778   0.26875   0.05271   0.18325   0.18503   2.75289   9.00849  
  6 85.8411   6378.969469  x:  2.29684   0.57206   0.16945   0.54901   0.09402   0.95697   0.32445   0.25411   0.09259   0.23383   0.13411   2.68771   9.00800  
  7 83.5905   6372.161290  x:  2.60799   0.61401   0.20445   0.47136   0.09151   0.80902   0.35047   0.25451   0.06075   0.25487   0.17394   2.55761   9.00791  
  8 108.6342   6371.322993  x:  2.64766   0.61501   0.21530   0.45958   0.09408   0.78868   0.36209   0.27071   0.06839   0.22270   0.15906   2.53809   9.00776  
  9 50.0482   6371.241835  x:  2.65078   0.60117   0.22257   0.45795   0.09740   0.78868   0.36827   0.26105   0.07061   0.21852   0.16029   2.53026   9.00758  
 10  7.3073   6371.137987  x:  2.65228   0.57057   0.23259   0.45455   0.09545   0.78597   0.36656   0.26571   0.06823   0.22103   0.15950   2.51381   9.00765  
 11  9.3038   6371.096236  x:  2.65095   0.56776   0.24082   0.45737   0.09570   0.78526   0.35631   0.26380   0.06882   0.21938   0.15896   2.50028   9.00762  
 12  4.0784   6370.813803  x:  2.62966   0.57591   0.22994   0.47131   0.08770   0.79013   0.36181   0.26410   0.06732   0.21891   0.15872   2.37808   9.00781  
 13  4.4235   6370.742125  x:  2.63146   0.57918   0.22806   0.45339   0.08930   0.80298   0.35813   0.26418   0.06743   0.21829   0.15889   2.36242   9.00771  
 14  3.5014   6368.651405  x:  2.91547   0.57788   0.21514   0.48016   0.05198   0.84808   0.35503   0.25762   0.06072   0.19841   0.15863   2.49310   9.00970  
 15  1.3339   6368.064957  x:  3.12819   0.57659   0.21574   0.48214   0.06721   0.85657   0.35407   0.25503   0.06972   0.20931   0.16484   2.53472   9.00895  
 16  0.1413   6367.960996  x:  3.22130   0.57429   0.22419   0.48387   0.06231   0.85573   0.35740   0.26120   0.06571   0.20882   0.16183   2.53144   9.00913  
 17  0.0707   6367.958111  x:  3.23183   0.57108   0.22718   0.48437   0.06253   0.85772   0.35757   0.26010   0.06611   0.20825   0.16205   2.53725   9.00907  
 18  0.0084   6367.952085  x:  3.23109   0.57030   0.23035   0.48397   0.06138   0.85841   0.35802   0.26115   0.06629   0.21044   0.16265   2.54014   9.00876  
 19  0.0007   6367.910050  x:  3.18779   0.56983   0.23896   0.48310   0.06174   0.86023   0.36171   0.26366   0.06665   0.20837   0.16210   2.53483   9.00588  
 20  0.0056   6367.475139  x:  3.05582   0.56015   0.25519   0.48821   0.05735   0.86826   0.36634   0.26114   0.06670   0.20590   0.16089   2.48995   8.98134  
 21  0.0179   6364.567820  x:  2.58391   0.51825   0.32101   0.51156   0.03992   0.90781   0.38326   0.24866   0.06596   0.19266   0.15595   2.30986   8.72771  
 22  0.1484   6322.226575  x:  3.24713   0.45009   0.49762   0.58238   0.01528   1.04956   0.44076   0.22033   0.06026   0.16425   0.14479   2.36727   6.95863  
 23  0.2385   6271.358403  x:  3.64785   0.38725   0.64844   0.63464   0.00000   1.16058   0.48392   0.20354   0.05620   0.14794   0.13785   2.41699   5.16004  
 24 36.7676   6271.358403  x:  3.64785   0.38725   0.64844   0.63464   0.00000   1.16058   0.48392   0.20354   0.05620   0.14794   0.13785   2.41699   5.16004  
 25  8.4894   6258.388657  x:  3.64284   0.36340   0.59442   0.60526   0.02089   1.11361   0.43231   0.27634   0.10181   0.21662   0.19489   2.42793   5.11989  
 26 181.3463   6240.401351  x:  3.62954   0.31690   0.46453   0.53256   0.03343   0.99534   0.31318   0.30877   0.03161   0.27129   0.16695   2.45554   5.01316  
 27 189.8254   6229.503475  x:  3.61037   0.32220   0.34137   0.45954   0.09170   0.86087   0.26091   0.26659   0.09401   0.23198   0.13172   2.48668   4.85583  
 28 166.1022   6213.323200  x:  3.56504   0.45949   0.19562   0.36314   0.13767   0.65460   0.32783   0.24619   0.04759   0.19094   0.21650   2.54344   4.49181  
 29 161.3782   6185.410581  x:  3.45654   0.77464   0.00000   0.32637   0.07944   0.49187   0.39332   0.32325   0.07742   0.25614   0.09814   2.65328   3.64516  
 30 208.2538   6185.410581  x:  3.45654   0.77464   0.00000   0.32637   0.07944   0.49187   0.39332   0.32325   0.07742   0.25614   0.09814   2.65328   3.64516  
 31 517.7451   6160.047514  x:  3.44933   0.78218   0.09561   0.40186   0.09770   0.66290   0.38975   0.26119   0.07377   0.21975   0.25003   2.64866   3.56581  
 32 222.8824   6149.828839  x:  3.44052   0.76381   0.11586   0.43768   0.07545   0.74668   0.37543   0.22736   0.02187   0.19495   0.21325   2.64691   3.48924  
 33 169.3053   6135.842794  x:  3.41745   0.70749   0.13768   0.50545   0.01846   0.90462   0.34333   0.22162   0.08247   0.16736   0.12455   2.64300   3.29502  
 34 271.5429   6109.025584  x:  3.33113   0.51297   0.10522   0.60639   0.06386   1.11700   0.29416   0.38031   0.04319   0.31284   0.08415   2.63354   2.61583  
 35 183.8115   6042.254233  x:  3.19337   0.33245   0.07641   0.61661   0.00000   1.17336   0.27443   0.39649   0.02879   0.32754   0.11638   2.62483   1.54666  
 36 419.4914   6042.254233  x:  3.19337   0.33245   0.07641   0.61661   0.00000   1.17336   0.27443   0.39649   0.02879   0.32754   0.11638   2.62483   1.54666  
 37 13970.3027   6001.221375  x:  3.18474   0.47446   0.21216   0.60146   0.12579   1.13642   0.33784   0.34099   0.08575   0.28336   0.17964   2.62029   1.47499  
 38 394.4026   5976.710389  x:  3.16776   0.54542   0.25673   0.55965   0.09825   1.05879   0.33695   0.24219   0.01555   0.21088   0.14833   2.61532   1.33654  
 39 214.3496   5949.062123  x:  3.13640   0.60758   0.26971   0.48734   0.00000   0.92513   0.32003   0.17167   0.07638   0.12894   0.16248   2.60498   1.08204  
 40 383.8740   5949.062123  x:  3.13640   0.60758   0.26971   0.48734   0.00000   0.92513   0.32003   0.17167   0.07638   0.12894   0.16248   2.60498   1.08204  
 41 404.9458   5929.021891  x:  3.12147   0.59313   0.23477   0.49346   0.06258   0.90081   0.34492   0.30612   0.08169   0.24821   0.18319   2.59455   0.97324  
 42 217.0101   5912.288147  x:  3.09593   0.57017   0.17689   0.48794   0.06014   0.85898   0.34890   0.32653   0.00000   0.27979   0.14326   2.57702   0.78242  
 43 185.0449   5896.267774  x:  3.06309   0.55003   0.11244   0.47986   0.04221   0.81056   0.35399   0.32407   0.02430   0.28301   0.12992   2.55246   0.53921  
 44 454.3974   5893.541478  x:  3.04959   0.57365   0.11828   0.48431   0.06078   0.80539   0.36210   0.31543   0.01130   0.27089   0.16529   2.53461   0.48218  
 45 108.3882   5892.515398  x:  3.02579   0.61428   0.12364   0.49241   0.06839   0.80469   0.37189   0.32099   0.01531   0.26412   0.14273   2.49392   0.46590  
 46 34.8862   5889.883267  x:  2.93322   0.70186   0.07409   0.50607   0.01777   0.79768   0.37926   0.34376   0.00999   0.26325   0.15038   2.33621   0.45748  
 47 54.4614   5887.422902  x:  2.83951   0.74446   0.00000   0.51492   0.03498   0.79173   0.38111   0.32689   0.01184   0.26757   0.15106   2.18354   0.46358  
 48 103.4085   5885.754763  x:  2.72565   0.72396   0.03544   0.48219   0.04158   0.77951   0.33363   0.31378   0.01485   0.28950   0.15095   2.02589   0.46104  
 49 34.4925   5884.514654  x:  2.61591   0.66429   0.06866   0.46545   0.04282   0.78433   0.36447   0.33027   0.01230   0.26239   0.15119   1.90807   0.46284  
 50 43.6263   5884.119702  x:  2.55077   0.64796   0.08515   0.49873   0.03427   0.78913   0.37627   0.31698   0.01314   0.27662   0.15174   1.89573   0.46401  
 51 14.3086   5883.634770  x:  2.44660   0.64031   0.08967   0.52576   0.03733   0.78992   0.35517   0.32852   0.01348   0.26076   0.15251   1.91033   0.46957  
 52 18.2856   5883.025403  x:  2.30631   0.65391   0.09149   0.49371   0.03643   0.79128   0.36534   0.32265   0.01466   0.26555   0.15414   1.94968   0.48056  
 53 21.2652   5879.292500  x:  2.43902   0.71029   0.09622   0.50127   0.04080   0.85766   0.35689   0.30071   0.03104   0.23318   0.17720   1.95479   0.52044  
 54  0.4218   5879.212341  x:  2.44199   0.71154   0.09840   0.50356   0.04162   0.83352   0.36080   0.29967   0.03154   0.23096   0.17850   1.95526   0.52549  
 55  5.5503   5878.263385  x:  2.40272   0.68492   0.10519   0.49349   0.04009   0.82691   0.35304   0.26698   0.04489   0.21096   0.18021   1.96098   0.51039  
 56  0.0606   5878.206842  x:  2.40358   0.69405   0.10272   0.49602   0.03383   0.82566   0.35279   0.26670   0.04885   0.21323   0.17425   1.94941   0.50987  
 57  0.0136   5878.200954  x:  2.40638   0.69203   0.10482   0.49638   0.03475   0.82644   0.35377   0.26714   0.05015   0.21220   0.17284   1.95652   0.51022  
 58  0.0078   5878.200008  x:  2.40449   0.69176   0.10482   0.49595   0.03538   0.82638   0.35334   0.26668   0.05077   0.21278   0.17290   1.95445   0.51047  
 59  0.0025   5878.199931  x:  2.40452   0.69195   0.10452   0.49594   0.03532   0.82636   0.35337   0.26690   0.05087   0.21268   0.17300   1.95438   0.51038  
 60  0.0004   5878.199928  x:  2.40469   0.69198   0.10447   0.49598   0.03531   0.82636   0.35341   0.26687   0.05087   0.21273   0.17301   1.95457   0.51037  
 61  0.0003   5878.199928  x:  2.40468   0.69199   0.10446   0.49599   0.03531   0.82636   0.35342   0.26687   0.05088   0.21272   0.17301   1.95456   0.51037  
 62  0.0000   5878.199928  x:  2.40468   0.69199   0.10446   0.49599   0.03531   0.82636   0.35342   0.26687   0.05087   0.21272   0.17301   1.95456   0.51038  
 63  0.0000   5878.199928  x:  2.40468   0.69199   0.10446   0.49599   0.03531   0.82636   0.35342   0.26687   0.05087   0.21272   0.17301   1.95456   0.51038  
 64  0.0000   5878.199928  x:  2.40468   0.69199   0.10446   0.49599   0.03531   0.82636   0.35342   0.26687   0.05087   0.21272   0.17301   1.95456   0.51038  
 65  0.0000   5878.199928  x:  2.40468   0.69199   0.10446   0.49599   0.03531   0.82636   0.35342   0.26687   0.05087   0.21272   0.17301   1.95456   0.51038  
 66  0.0000   5878.199928  x:  2.40468   0.69199   0.10446   0.49599   0.03531   0.82636   0.35342   0.26687   0.05087   0.21272   0.17301   1.95456   0.51038  
 67  0.0000   5878.199928  x:  2.40468   0.69199   0.10446   0.49599   0.03531   0.82636   0.35342   0.26687   0.05087   0.21272   0.17301   1.95456   0.51038  
check convergence!
