

TREE # 1

  0  0.0000   5890.256548  x:  1.66971   0.62447   0.05819   0.40551   0.00000   0.58477   0.29387   0.22088   0.07030   0.15729   0.17215   3.00000   1.67082   0.51000   0.36359   2.04024  
  1 99.0000   5872.123913  x:  1.70738   0.66126   0.12983   0.43707   0.15744   0.66361   0.35112   0.23937   0.04877   0.19105   0.15460   2.97396   1.67359   0.51017   0.32391   2.03530  
  2 257.8364   5860.620738  x:  1.83354   0.69444   0.18968   0.46261   0.09344   0.82697   0.40089   0.29741   0.08047   0.22255   0.21084   2.89412   1.66680   0.52047   0.27609   2.01520  
  3 107.3351   5849.503397  x:  1.98665   0.72758   0.23940   0.49282   0.01940   0.98231   0.43417   0.29600   0.01811   0.22940   0.17970   2.79728   1.64773   0.54107   0.30650   1.98883  
  4 214.9670   5844.179533  x:  2.15021   0.72872   0.22039   0.52820   0.02759   1.03336   0.41645   0.26495   0.08637   0.19805   0.14111   2.68517   1.61684   0.56775   0.33212   1.96337  
  5 86.2413   5835.278719  x:  2.45371   0.71028   0.13852   0.57542   0.05526   1.03861   0.34348   0.20878   0.06804   0.19509   0.16119   2.46466   1.55551   0.61577   0.26033   1.92217  
  6 136.9394   5829.548932  x:  2.68341   0.70681   0.08412   0.58737   0.08752   0.99198   0.30604   0.27854   0.04408   0.21540   0.18545   2.29250   1.49742   0.66336   0.28216   1.88397  
  7 169.9934   5825.886768  x:  2.83911   0.74426   0.09530   0.54804   0.07443   0.89471   0.35993   0.30153   0.04486   0.22366   0.15233   2.17039   1.44876   0.70490   0.24448   1.84911  
  8 75.8390   5824.769303  x:  2.89025   0.76258   0.11014   0.52564   0.07647   0.86044   0.38726   0.28212   0.04550   0.22428   0.17844   2.13242   1.42694   0.72536   0.25465   1.83191  
  9 71.0763   5824.451857  x:  2.90266   0.76033   0.11357   0.48979   0.08365   0.86823   0.38003   0.28591   0.04273   0.20591   0.18065   2.14008   1.39671   0.76165   0.24519   1.79844  
 10  9.4116   5824.107664  x:  2.91486   0.75235   0.11341   0.45916   0.08775   0.87642   0.37295   0.28142   0.04696   0.22475   0.17568   2.15576   1.35446   0.81424   0.23782   1.74934  
 11 28.1106   5823.070247  x:  2.94125   0.72811   0.12051   0.49681   0.08517   0.87070   0.38904   0.28498   0.04415   0.22234   0.17902   2.22365   1.20532   1.01253   0.20396   1.55796  
 12 23.4337   5823.014289  x:  2.94090   0.73553   0.12941   0.50069   0.08387   0.86797   0.37799   0.28507   0.04504   0.22333   0.17893   2.22428   1.20241   1.02393   0.20184   1.54290  
 13  7.4801   5822.664281  x:  2.89600   0.76561   0.09966   0.49858   0.08315   0.87656   0.37587   0.28231   0.04397   0.22292   0.17887   2.14939   1.31260   1.10179   0.19635   1.34668  
 14  3.1825   5822.557342  x:  2.89539   0.72450   0.12572   0.49678   0.08108   0.87179   0.37313   0.28158   0.04351   0.22199   0.17794   2.12947   1.35694   1.12219   0.19572   1.29207  
 15  4.1724   5822.161327  x:  3.04305   0.74482   0.11558   0.49856   0.06550   0.87672   0.38071   0.28160   0.04314   0.22060   0.17726   2.22949   1.48902   1.23865   0.19705   1.30469  
 16  0.6008   5821.708725  x:  3.08669   0.74567   0.12242   0.50842   0.04233   0.90592   0.38481   0.27977   0.04578   0.21848   0.17425   2.19003   1.53924   1.43110   0.19554   1.40411  
 17  3.3485   5821.565121  x:  3.15280   0.75392   0.10194   0.50837   0.04692   0.89795   0.37791   0.27908   0.04599   0.21704   0.17714   2.16630   1.78701   1.79969   0.19309   1.56897  
 18  0.2738   5821.383149  x:  3.19715   0.76908   0.09187   0.51874   0.04504   0.90465   0.37551   0.27960   0.04803   0.21838   0.18081   2.15668   2.28284   2.34935   0.19554   1.97412  
 19  0.3206   5821.238127  x:  3.15128   0.75882   0.10914   0.51622   0.04656   0.90874   0.37987   0.28075   0.04697   0.21899   0.17925   2.16451   2.48457   2.56587   0.18620   2.13591  
 20  0.2413   5821.207632  x:  3.15413   0.75669   0.11267   0.51370   0.04666   0.90915   0.38182   0.28081   0.04660   0.21859   0.17820   2.17487   2.62826   2.76765   0.18350   2.25794  
 21  0.6291   5821.201361  x:  3.13769   0.75557   0.11237   0.51199   0.04711   0.90870   0.38196   0.28016   0.04655   0.21822   0.17668   2.17126   2.66220   2.78911   0.18557   2.29286  
 22  0.0516   5821.199452  x:  3.12940   0.75531   0.11116   0.51186   0.04640   0.90694   0.38133   0.27972   0.04677   0.21805   0.17672   2.16848   2.69828   2.83314   0.18449   2.31990  
 23  0.0387   5821.199307  x:  3.12908   0.75569   0.11097   0.51187   0.04632   0.90661   0.38122   0.27977   0.04670   0.21798   0.17695   2.17006   2.69792   2.83121   0.18470   2.32241  
 24  0.0034   5821.199297  x:  3.12854   0.75567   0.11102   0.51185   0.04633   0.90663   0.38122   0.27982   0.04667   0.21798   0.17699   2.16990   2.69546   2.82906   0.18472   2.32269  
 25  0.0015   5821.199292  x:  3.12882   0.75571   0.11102   0.51189   0.04630   0.90668   0.38127   0.27981   0.04670   0.21800   0.17696   2.17009   2.69282   2.82638   0.18470   2.32307  
 26  0.0015   5821.199291  x:  3.12911   0.75574   0.11101   0.51189   0.04632   0.90670   0.38125   0.27980   0.04669   0.21798   0.17697   2.17009   2.69326   2.82693   0.18469   2.32434  
 27  0.0009   5821.199291  x:  3.12913   0.75573   0.11102   0.51189   0.04632   0.90670   0.38126   0.27981   0.04669   0.21799   0.17697   2.17007   2.69341   2.82706   0.18469   2.32453  
 28  0.0002   5821.199291  x:  3.12913   0.75573   0.11102   0.51189   0.04632   0.90670   0.38126   0.27981   0.04669   0.21799   0.17697   2.17007   2.69341   2.82707   0.18469   2.32454  
 29  0.0000   5821.199291  x:  3.12913   0.75573   0.11102   0.51189   0.04632   0.90670   0.38126   0.27981   0.04669   0.21799   0.17697   2.17007   2.69341   2.82706   0.18469   2.32453  
 30  0.0000   5821.199291  x:  3.12913   0.75573   0.11102   0.51189   0.04632   0.90670   0.38126   0.27981   0.04669   0.21799   0.17697   2.17007   2.69341   2.82706   0.18469   2.32454  
 31  0.0000   5821.199291  x:  3.12913   0.75573   0.11102   0.51189   0.04632   0.90670   0.38126   0.27981   0.04669   0.21799   0.17697   2.17007   2.69341   2.82706   0.18469   2.32454  