

TREE # 1

  0  0.0000   5983.511116  x:  1.21652   0.46176   0.05997   0.29037   0.00000   0.44223   0.22235   0.18172   0.08100   0.11706   0.13454   3.00000   1.35924   0.07285   0.26916  
  1 99.0000   5928.702738  x:  1.27466   0.53832   0.17457   0.36392   0.24710   0.56697   0.32600   0.22958   0.07162   0.19106   0.15522   2.97158   1.34683   0.08639   0.23175  
  2 548.8629   5900.688587  x:  1.44502   0.61188   0.23483   0.41884   0.18583   0.75601   0.38574   0.25560   0.01765   0.20318   0.16699   2.89619   1.29393   0.14138   0.40470  
  3 196.9605   5885.340031  x:  1.61976   0.66131   0.25811   0.46609   0.08909   0.89646   0.41059   0.30649   0.10721   0.22235   0.21720   2.81230   1.25295   0.18511   0.38916  
  4 256.1532   5864.046271  x:  1.81165   0.70323   0.26490   0.51580   0.00000   1.01265   0.41448   0.29800   0.07434   0.23142   0.18496   2.71374   1.20941   0.23225   0.28236  
  5 282.3889   5844.645981  x:  2.24213   0.68485   0.10081   0.57576   0.10861   0.98493   0.30457   0.23547   0.10051   0.14956   0.18146   2.44161   1.04867   0.40626   0.26183  
  6 98.5535   5837.835004  x:  2.42133   0.68253   0.04217   0.55719   0.12972   0.90603   0.27851   0.26363   0.07892   0.24417   0.18727   2.31052   0.96349   0.49907   0.25987  
  7 150.4011   5832.234399  x:  2.56133   0.72221   0.08079   0.48889   0.12913   0.77655   0.33683   0.30875   0.06425   0.21680   0.18596   2.18239   0.87177   0.60088   0.24301  
  8 91.4168   5831.555369  x:  2.56705   0.72108   0.08982   0.46887   0.12713   0.76988   0.35508   0.27416   0.06927   0.22459   0.19887   2.16186   0.84936   0.62852   0.23871  
  9 29.1150   5830.829277  x:  2.53519   0.69440   0.09666   0.44239   0.12815   0.79475   0.35801   0.27504   0.08206   0.22613   0.17405   2.12929   0.79377   0.70397   0.22986  
 10 16.2016   5830.165337  x:  2.49401   0.67298   0.11103   0.43973   0.12458   0.81434   0.34095   0.28436   0.06832   0.21866   0.19601   2.09768   0.73533   0.78759   0.21322  
 11 38.0869   5829.843821  x:  2.47004   0.67651   0.12456   0.47457   0.11621   0.80678   0.33405   0.27885   0.07412   0.22208   0.19008   2.08455   0.70674   0.83683   0.21042  
 12 17.7591   5829.742144  x:  2.46401   0.67761   0.11146   0.48740   0.11299   0.80574   0.34903   0.28079   0.07213   0.22074   0.19149   2.08484   0.70326   0.85519   0.20771  
 13  7.2339   5829.273358  x:  2.46632   0.75706   0.06883   0.47928   0.11084   0.81542   0.34707   0.27987   0.07105   0.21940   0.19014   2.11830   0.73638   0.95260   0.19765  
 14  4.5582   5825.544418  x:  2.74326   0.70472   0.12845   0.49340   0.07192   0.83954   0.36624   0.27710   0.04781   0.22353   0.17841   2.37316   1.30793   1.67160   0.15671  
 15  8.0724   5823.732973  x:  2.75354   0.72753   0.12797   0.50364   0.05002   0.87233   0.37124   0.27466   0.03612   0.22437   0.17189   2.15761   1.72439   1.91234   0.15978  
 16 11.3064   5822.354773  x:  2.89144   0.73467   0.12114   0.50271   0.03689   0.88701   0.37967   0.27441   0.04587   0.21549   0.17107   2.09171   2.41382   2.58188   0.18889  
 17  0.9344   5821.927080  x:  3.06185   0.74152   0.09861   0.50275   0.04772   0.88581   0.37202   0.27691   0.04866   0.21139   0.17729   2.15377   2.97659   3.14850   0.17970  
 18  0.4933   5821.810586  x:  3.11981   0.75139   0.10117   0.50773   0.04398   0.89431   0.37263   0.27735   0.04480   0.21921   0.17466   2.13349   3.43851   3.61868   0.17803  
 19  0.3547   5821.744375  x:  3.11999   0.74687   0.10920   0.50888   0.05056   0.89812   0.37668   0.27875   0.04787   0.21849   0.17607   2.13897   4.00263   4.17868   0.17983  
 20  0.2531   5821.713081  x:  3.09875   0.74338   0.11354   0.51050   0.04789   0.90015   0.37813   0.28045   0.04398   0.21801   0.17744   2.14930   4.36169   4.56445   0.17720  
 21  0.2378   5821.667571  x:  3.05166   0.74141   0.11174   0.50803   0.04681   0.89635   0.37532   0.27715   0.04636   0.21825   0.17344   2.13107   5.16559   5.34209   0.17876  
 22  0.3370   5821.647364  x:  3.06281   0.74444   0.10669   0.50607   0.04757   0.89200   0.37441   0.27787   0.04547   0.21701   0.17664   2.13797   5.81130   5.98946   0.18041  
 23  0.4979   5821.639426  x:  3.07274   0.74592   0.10670   0.50735   0.04644   0.89247   0.37526   0.27811   0.04676   0.21757   0.17507   2.14217   6.56852   6.75670   0.17839  
 24  0.4805   5821.634437  x:  3.07046   0.74442   0.10773   0.50728   0.04743   0.89375   0.37497   0.27791   0.04548   0.21766   0.17559   2.13583   7.42587   7.60445   0.17959  
 25  0.5792   5821.632485  x:  3.06908   0.74438   0.10811   0.50698   0.04705   0.89358   0.37514   0.27796   0.04621   0.21732   0.17583   2.14051   8.34427   8.52774   0.17926  
 26  0.5328   5821.631667  x:  3.06983   0.74458   0.10749   0.50713   0.04726   0.89325   0.37493   0.27803   0.04582   0.21755   0.17544   2.13753   9.22507   9.40681   0.17926  
 27  0.5227   5821.631341  x:  3.06938   0.74457   0.10788   0.50715   0.04704   0.89354   0.37513   0.27785   0.04600   0.21749   0.17580   2.13909  10.23025  10.41174   0.17939  
 28  0.5261   5821.631217  x:  3.06970   0.74457   0.10765   0.50708   0.04724   0.89336   0.37499   0.27805   0.04593   0.21746   0.17554   2.13847  10.94419  11.12651   0.17927  
 29  0.4833   5821.631160  x:  3.06953   0.74455   0.10776   0.50715   0.04710   0.89346   0.37507   0.27788   0.04594   0.21752   0.17569   2.13845  11.97167  12.15322   0.17933  
 30  0.5029   5821.631138  x:  3.06963   0.74455   0.10772   0.50709   0.04718   0.89340   0.37502   0.27801   0.04594   0.21747   0.17560   2.13864  12.64536  12.82741   0.17931  
 31  0.4724   5821.631127  x:  3.06958   0.74457   0.10771   0.50712   0.04715   0.89342   0.37505   0.27792   0.04593   0.21750   0.17564   2.13842  13.93155  14.11342   0.17930  
 32  0.5288   5821.631123  x:  3.06960   0.74455   0.10773   0.50711   0.04716   0.89342   0.37503   0.27798   0.04594   0.21749   0.17562   2.13860  14.52012  14.70203   0.17932  
 33  0.4753   5821.631122  x:  3.06961   0.74457   0.10771   0.50710   0.04717   0.89341   0.37504   0.27795   0.04594   0.21749   0.17563   2.13850  16.03238  16.21437   0.17930  
 34  0.5203   5821.631121  x:  3.06960   0.74456   0.10772   0.50711   0.04716   0.89342   0.37504   0.27797   0.04594   0.21749   0.17563   2.13854  16.03606  16.21798   0.17931  
 35  0.0047   5821.631121  x:  3.06960   0.74456   0.10773   0.50711   0.04716   0.89342   0.37504   0.27797   0.04594   0.21749   0.17562   2.13857  16.32300  16.50487   0.17932  
 36  0.7291   5821.631121  x:  3.06960   0.74456   0.10772   0.50711   0.04716   0.89342   0.37504   0.27797   0.04594   0.21749   0.17563   2.13855  16.27208  16.45399   0.17931  
 37  0.0779   5821.631121  x:  3.06960   0.74456   0.10772   0.50711   0.04716   0.89341   0.37504   0.27796   0.04594   0.21749   0.17563   2.13854  16.38076  16.56270   0.17931  
 38  0.0610   5821.631121  x:  3.06960   0.74456   0.10772   0.50711   0.04716   0.89341   0.37504   0.27796   0.04594   0.21749   0.17563   2.13853  16.39106  16.57300   0.17931  
 39 17.4131   5821.631121  x:  3.06960   0.74456   0.10772   0.50711   0.04716   0.89342   0.37504   0.27796   0.04594   0.21749   0.17563   2.13854  16.36871  16.55064   0.17931  
 40  0.0146   5821.631121  x:  3.06960   0.74456   0.10772   0.50711   0.04716   0.89342   0.37504   0.27797   0.04594   0.21749   0.17563   2.13855  16.36858  16.55051   0.17931  
 41  0.0000   5821.631121  x:  3.06960   0.74456   0.10772   0.50711   0.04716   0.89342   0.37504   0.27797   0.04594   0.21749   0.17563   2.13855  16.36855  16.55046   0.17931  