

TREE # 1

  0  0.0000   6081.983344  x:  1.57400   0.58690   0.04403   0.38172   0.00000   0.55448   0.29124   0.21290   0.08323   0.15133   0.17296   3.00000   2.00000  
  1 99.0000   6049.729708  x:  1.60975   0.63129   0.15539   0.42309   0.18669   0.63418   0.34520   0.24575   0.07091   0.19789   0.16774   2.98079   1.93469  
  2 394.0460   5986.943710  x:  1.85585   0.65033   0.28060   0.49643   0.00635   0.96608   0.41119   0.30876   0.00000   0.27284   0.17044   2.84972   1.41480  
  3 152.9967   5982.985250  x:  1.86751   0.65037   0.28485   0.49973   0.00000   0.97934   0.41339   0.31112   0.00760   0.27470   0.17155   2.84319   1.38777  
  4 1090.2032   5903.881763  x:  2.15328   0.58781   0.25925   0.56450   0.00862   1.12741   0.37025   0.24321   0.01293   0.17803   0.16723   2.65968   0.54344  
  5 512.8717   5900.279863  x:  2.18614   0.58918   0.24008   0.55870   0.01269   1.10163   0.35964   0.28294   0.00684   0.21485   0.18981   2.62323   0.47996  
  6 108.3281   5895.887609  x:  2.31802   0.63186   0.21445   0.54648   0.01327   1.04911   0.36831   0.28916   0.01116   0.24051   0.13244   2.47712   0.46047  
  7 52.8163   5885.873160  x:  2.69378   0.74274   0.15946   0.52633   0.02274   0.94586   0.39983   0.26507   0.00578   0.22619   0.18330   2.06411   0.45922  
  8 221.1714   5885.098812  x:  2.72960   0.72444   0.14660   0.52919   0.03236   0.95806   0.37942   0.29122   0.00513   0.20926   0.17834   2.02486   0.47077  
  9 34.5600   5884.820220  x:  2.74369   0.70198   0.14142   0.52861   0.03875   0.96796   0.36425   0.28210   0.00607   0.22362   0.17881   2.00770   0.47819  
 10 19.6372   5884.628674  x:  2.74490   0.66209   0.17527   0.50635   0.03612   0.95368   0.36721   0.28286   0.00603   0.22263   0.17806   1.98900   0.47960  
 11  5.3596   5884.529334  x:  2.73501   0.64610   0.18296   0.52770   0.03241   0.94159   0.37506   0.28371   0.00589   0.22363   0.17752   1.97761   0.48073  
 12  2.9755   5884.271328  x:  2.69689   0.65521   0.19941   0.53982   0.02750   0.93031   0.35247   0.28239   0.00738   0.22428   0.17737   1.95293   0.48113  
 13  3.3671   5882.428200  x:  2.42896   0.68367   0.16472   0.51153   0.03386   0.91901   0.37015   0.28440   0.01389   0.22906   0.17415   1.80171   0.48388  
 14 14.5412   5880.241023  x:  2.40972   0.70938   0.13580   0.49073   0.04747   0.82584   0.37329   0.29487   0.02082   0.24212   0.17563   1.93655   0.51948  
 15  3.4976   5878.907677  x:  2.40580   0.68276   0.10770   0.49260   0.05972   0.81400   0.34985   0.27494   0.03087   0.21464   0.17937   1.95331   0.49912  
 16  0.1012   5878.389278  x:  2.37136   0.68620   0.10461   0.49539   0.03504   0.83476   0.35351   0.26805   0.03852   0.20945   0.17925   1.97221   0.51490  
 17  0.0429   5878.275132  x:  2.41966   0.69179   0.10343   0.49533   0.03156   0.81877   0.35386   0.26732   0.04347   0.21094   0.17650   1.95393   0.51258  
 18  0.0393   5878.211747  x:  2.40446   0.69804   0.09794   0.49535   0.03547   0.82551   0.35243   0.26816   0.04882   0.21389   0.17271   1.95075   0.50866  
 19  0.0116   5878.200841  x:  2.40335   0.69083   0.10580   0.49590   0.03511   0.82661   0.35303   0.26707   0.05048   0.21294   0.17259   1.95434   0.50956  
 20  0.0113   5878.199944  x:  2.40508   0.69188   0.10441   0.49600   0.03528   0.82643   0.35350   0.26683   0.05085   0.21272   0.17292   1.95476   0.51042  
 21  0.0027   5878.199928  x:  2.40461   0.69201   0.10446   0.49600   0.03530   0.82634   0.35341   0.26686   0.05088   0.21272   0.17300   1.95457   0.51039  
 22  0.0005   5878.199928  x:  2.40469   0.69199   0.10446   0.49599   0.03531   0.82636   0.35341   0.26687   0.05088   0.21272   0.17301   1.95455   0.51038  
 23  0.0001   5878.199928  x:  2.40468   0.69199   0.10446   0.49599   0.03531   0.82636   0.35342   0.26687   0.05088   0.21272   0.17301   1.95456   0.51038  