Supplemental results for CODEML (seqf: align.fa  treef: tree.nwk)


MLEs of dN/dS (w) for site classes (K=3)

p:   0.45236  0.51704  0.03060
w:   0.18469  1.00000  2.32454

Naive Empirical Bayes (NEB) probabilities for 3 classes & postmean_w & P(w>1)
(amino acids refer to 1st sequence: xeno|270561947)

   1 M   0.99477 0.00523 0.00000 ( 1)  0.189  0.000
   2 S   0.97929 0.02069 0.00003 ( 1)  0.202  0.000
   3 V   0.07862 0.90047 0.02090 ( 2)  0.964  0.021
   4 W   0.42006 0.57709 0.00285 ( 2)  0.661  0.003
   5 F   0.56788 0.42902 0.00310 ( 1)  0.541  0.003
   6 T   0.00055 0.73407 0.26537 ( 2)  1.351  0.265
   7 W   0.53657 0.46030 0.00313 ( 1)  0.567  0.003
   8 A   0.17535 0.81057 0.01407 ( 2)  0.876  0.014
   9 F   0.58169 0.41665 0.00166 ( 1)  0.528  0.002
  10 L   0.91169 0.08799 0.00032 ( 1)  0.257  0.000
  11 I   0.02413 0.82757 0.14830 ( 2)  1.177  0.148
  12 S   0.12175 0.86820 0.01005 ( 2)  0.914  0.010
  13 Q   0.00118 0.91068 0.08814 ( 2)  1.116  0.088
  14 C   0.40746 0.58918 0.00336 ( 2)  0.672  0.003
  15 F   0.55898 0.44043 0.00059 ( 1)  0.545  0.001
  16 V   0.46033 0.53560 0.00406 ( 2)  0.630  0.004
  17 L   0.01332 0.95131 0.03537 ( 2)  1.036  0.035
  18 Q   0.02521 0.94372 0.03107 ( 2)  1.021  0.031
  19 I   0.67808 0.32030 0.00162 ( 1)  0.449  0.002
  20 A   0.78301 0.21591 0.00108 ( 1)  0.363  0.001
  21 G   0.96713 0.03283 0.00004 ( 1)  0.212  0.000
  22 L   0.07289 0.89992 0.02719 ( 2)  0.977  0.027
  23 L   0.56669 0.43046 0.00285 ( 1)  0.542  0.003
  24 H   0.94554 0.05440 0.00006 ( 1)  0.229  0.000
  25 P   0.65914 0.34022 0.00064 ( 1)  0.463  0.001
  26 P   0.98515 0.01484 0.00001 ( 1)  0.197  0.000
  27 L   0.04081 0.89014 0.06905 ( 2)  1.058  0.069
  28 N   0.99215 0.00784 0.00001 ( 1)  0.191  0.000
  29 V   0.95081 0.04901 0.00018 ( 1)  0.225  0.000
  30 T   0.15206 0.82854 0.01941 ( 2)  0.902  0.019
  31 T   0.24964 0.73993 0.01042 ( 2)  0.810  0.010
  32 I   0.77368 0.22601 0.00031 ( 1)  0.370  0.000
  33 S   0.95203 0.04789 0.00008 ( 1)  0.224  0.000
  34 R   0.68247 0.31615 0.00138 ( 1)  0.445  0.001
  35 N   0.98478 0.01521 0.00002 ( 1)  0.197  0.000
  36 F   0.10751 0.86410 0.02839 ( 2)  0.950  0.028
  37 R   0.96291 0.03707 0.00001 ( 1)  0.215  0.000
  38 L   0.93411 0.06575 0.00014 ( 1)  0.239  0.000
  39 F   0.99100 0.00899 0.00000 ( 1)  0.192  0.000
  40 L   0.95559 0.04435 0.00006 ( 1)  0.221  0.000
  41 T   0.87907 0.12045 0.00048 ( 1)  0.284  0.000
  42 W   0.86445 0.13516 0.00039 ( 1)  0.296  0.000
  43 A   0.64708 0.35226 0.00066 ( 1)  0.473  0.001
  44 P   0.98071 0.01928 0.00001 ( 1)  0.200  0.000
  45 D   0.32468 0.67052 0.00480 ( 2)  0.742  0.005
  46 P   0.23501 0.75191 0.01308 ( 2)  0.826  0.013
  47 R   0.00271 0.95032 0.04697 ( 2)  1.060  0.047
  48 N   0.79598 0.20300 0.00102 ( 1)  0.352  0.001
  49 P   0.54552 0.45054 0.00394 ( 1)  0.560  0.004
  50 P   0.42835 0.56831 0.00334 ( 2)  0.655  0.003
  51 N   0.05115 0.93332 0.01553 ( 2)  0.979  0.016
  52 V   0.98379 0.01619 0.00002 ( 1)  0.198  0.000
  53 S   0.43265 0.56277 0.00458 ( 2)  0.653  0.005
  54 Y   0.98213 0.01786 0.00002 ( 1)  0.199  0.000
  55 Q   0.32475 0.67217 0.00308 ( 2)  0.739  0.003
  56 V   0.97781 0.02217 0.00003 ( 1)  0.203  0.000
  57 A   0.03218 0.93713 0.03069 ( 2)  1.014  0.031
  58 Y   0.95856 0.04138 0.00006 ( 1)  0.219  0.000
  59 Y   0.00318 0.92252 0.07429 ( 2)  1.096  0.074
  60 M   0.16757 0.82872 0.00371 ( 2)  0.868  0.004
  61 F   0.07336 0.88215 0.04449 ( 2)  0.999  0.044
  62 I   0.06490 0.91853 0.01658 ( 2)  0.969  0.017
  63 E   0.11598 0.87396 0.01007 ( 2)  0.919  0.010
  64 K   0.35895 0.63871 0.00234 ( 2)  0.710  0.002
  65 K   0.90475 0.09513 0.00012 ( 1)  0.263  0.000
  66 W   0.86445 0.13516 0.00039 ( 1)  0.296  0.000
  67 N   0.42031 0.57569 0.00400 ( 2)  0.663  0.004
  68 K   0.00017 0.61385 0.38599 ( 2)  1.511  0.386
  69 -   0.73546 0.26345 0.00109 ( 1)  0.402  0.001
  70 K   0.49235 0.50631 0.00134 ( 2)  0.600  0.001
  71 N   0.00230 0.92492 0.07278 ( 2)  1.095  0.073
  72 C   0.98146 0.01853 0.00001 ( 1)  0.200  0.000
  73 R   0.09710 0.89489 0.00801 ( 2)  0.931  0.008
  74 N   0.99396 0.00604 0.00000 ( 1)  0.190  0.000
  75 I   0.86174 0.13771 0.00055 ( 1)  0.298  0.001
  76 T   0.80299 0.19635 0.00066 ( 1)  0.346  0.001
  77 G   0.05492 0.92398 0.02110 ( 2)  0.983  0.021
  78 K   0.91845 0.08142 0.00013 ( 1)  0.251  0.000
  79 E   0.85634 0.14314 0.00052 ( 1)  0.303  0.001
  80 C   0.98601 0.01399 0.00001 ( 1)  0.196  0.000
  81 D   0.21697 0.77336 0.00967 ( 2)  0.836  0.010
  82 L   0.32493 0.67101 0.00406 ( 2)  0.740  0.004
  83 T   0.96357 0.03636 0.00007 ( 1)  0.214  0.000
  84 C   0.98146 0.01853 0.00001 ( 1)  0.200  0.000
  85 L   0.01913 0.94635 0.03452 ( 2)  1.030  0.035
  86 F   0.67500 0.32374 0.00127 ( 1)  0.451  0.001
  87 Y   0.21915 0.76554 0.01531 ( 2)  0.842  0.015
  88 T   0.18324 0.80788 0.00887 ( 2)  0.862  0.009
  89 H   0.00216 0.84565 0.15220 ( 2)  1.200  0.152
  90 N   0.23179 0.75244 0.01577 ( 2)  0.832  0.016
  91 Y   0.66670 0.33221 0.00109 ( 1)  0.458  0.001
  92 I   0.00076 0.79373 0.20551 ( 2)  1.272  0.206
  93 V   0.98379 0.01619 0.00002 ( 1)  0.198  0.000
  94 G   0.03438 0.90629 0.05933 ( 2)  1.051  0.059
  95 V   0.93791 0.06189 0.00020 ( 1)  0.236  0.000
  96 R   0.27584 0.70906 0.01510 ( 2)  0.795  0.015
  97 T   0.38762 0.60247 0.00990 ( 2)  0.697  0.010
  98 K   0.03184 0.93709 0.03106 ( 2)  1.015  0.031
  99 F   0.70374 0.29528 0.00098 ( 1)  0.428  0.001
 100 G   0.14572 0.84754 0.00673 ( 2)  0.890  0.007
 101 S   0.83108 0.16818 0.00074 ( 1)  0.323  0.001
 102 S   0.00073 0.90293 0.09634 ( 2)  1.127  0.096
 103 M   0.48641 0.51224 0.00135 ( 2)  0.605  0.001
 104 S   0.96541 0.03455 0.00004 ( 1)  0.213  0.000
 105 K   0.05320 0.85108 0.09572 ( 2)  1.083  0.096
 106 W   0.86445 0.13516 0.00039 ( 1)  0.296  0.000
 107 E   0.61378 0.38464 0.00158 ( 1)  0.502  0.002
 108 E   0.30242 0.69129 0.00628 ( 2)  0.762  0.006
 109 I   0.67161 0.32680 0.00159 ( 1)  0.455  0.002
 110 K   0.03222 0.93731 0.03047 ( 2)  1.014  0.030
 111 D   0.97925 0.02073 0.00002 ( 1)  0.202  0.000
 112 I   0.98972 0.01027 0.00001 ( 1)  0.193  0.000
 113 S   0.00485 0.95187 0.04328 ( 2)  1.053  0.043
 114 Y   0.95100 0.04892 0.00008 ( 1)  0.225  0.000
 115 I   0.16266 0.82512 0.01222 ( 2)  0.884  0.012
 116 F   0.76335 0.23567 0.00098 ( 1)  0.379  0.001
 117 T   0.98360 0.01638 0.00002 ( 1)  0.198  0.000
 118 V   0.92396 0.07584 0.00020 ( 1)  0.247  0.000
 119 D   0.93716 0.06274 0.00010 ( 1)  0.236  0.000
 120 P   0.97830 0.02168 0.00002 ( 1)  0.202  0.000
 121 E   0.77432 0.22497 0.00070 ( 1)  0.370  0.001
 122 A   0.89112 0.10872 0.00015 ( 1)  0.274  0.000
 123 P   0.97805 0.02193 0.00002 ( 1)  0.203  0.000
 124 T   0.21454 0.77514 0.01032 ( 2)  0.839  0.010
 125 L   0.73125 0.26697 0.00178 ( 1)  0.406  0.002
 126 E   0.68648 0.31289 0.00063 ( 1)  0.441  0.001
 127 V   0.98379 0.01619 0.00002 ( 1)  0.198  0.000
 128 K   0.56971 0.42824 0.00206 ( 1)  0.538  0.002
 129 F   0.01500 0.95302 0.03198 ( 2)  1.030  0.032
 130 V   0.81602 0.18361 0.00037 ( 1)  0.335  0.000
 131 D   0.82860 0.17096 0.00044 ( 1)  0.325  0.000
 132 K   0.09731 0.89618 0.00651 ( 2)  0.929  0.007
 133 S   0.00600 0.95652 0.03748 ( 2)  1.045  0.037
 134 M   0.04944 0.93288 0.01768 ( 2)  0.983  0.018
 135 Y   0.09930 0.89033 0.01036 ( 2)  0.933  0.010
 136 I   0.57949 0.41860 0.00191 ( 1)  0.530  0.002
 137 N   0.44920 0.54740 0.00340 ( 2)  0.638  0.003
 138 A   0.00304 0.84769 0.14927 ( 2)  1.195  0.149
 139 A   0.00925 0.94797 0.04278 ( 2)  1.049  0.043
 140 V   0.00068 0.83113 0.16819 ( 2)  1.222  0.168
 141 K   0.01636 0.92914 0.05450 ( 2)  1.059  0.055
 142 T   0.00394 0.89878 0.09728 ( 2)  1.126  0.097
 143 P   0.97685 0.02313 0.00002 ( 1)  0.204  0.000
 144 H   0.00003 0.51286 0.48711 ( 2)  1.645  0.487
 145 C   0.95163 0.04832 0.00005 ( 1)  0.224  0.000
 146 I   0.07738 0.89773 0.02488 ( 2)  0.970  0.025
 147 K   0.00409 0.90718 0.08874 ( 2)  1.114  0.089
 148 D   0.00093 0.81951 0.17955 ( 2)  1.237  0.180
 149 I   0.02028 0.88933 0.09039 ( 2)  1.103  0.090
 150 Y   0.14345 0.84712 0.00943 ( 2)  0.896  0.009
 151 -   0.78892 0.21051 0.00057 ( 1)  0.358  0.001
 152 -   0.00019 0.56178 0.43803 ( 2)  1.580  0.438
 153 -   0.47950 0.51580 0.00470 ( 2)  0.615  0.005
 154 N   0.01745 0.94355 0.03900 ( 2)  1.037  0.039
 155 L   0.74600 0.25316 0.00084 ( 1)  0.393  0.001
 156 K   0.00940 0.88962 0.10099 ( 2)  1.126  0.101
 157 Y   0.90714 0.09268 0.00018 ( 1)  0.261  0.000
 158 N   0.00232 0.91641 0.08127 ( 2)  1.106  0.081
 159 I   0.80667 0.19251 0.00082 ( 1)  0.343  0.001
 160 E   0.04097 0.90533 0.05370 ( 2)  1.038  0.054
 161 N   0.02225 0.90494 0.07281 ( 2)  1.078  0.073
 162 A   0.09887 0.89369 0.00744 ( 2)  0.929  0.007
 163 P   0.02459 0.91271 0.06271 ( 2)  1.063  0.063
 164 K   0.04646 0.94150 0.01203 ( 2)  0.978  0.012
 165 Q   0.61408 0.38411 0.00181 ( 1)  0.502  0.002
 166 I   0.55873 0.43831 0.00296 ( 1)  0.548  0.003
 167 K   0.76197 0.23723 0.00080 ( 1)  0.380  0.001
 168 F   0.58613 0.41141 0.00246 ( 1)  0.525  0.002
 169 K   0.77470 0.22476 0.00054 ( 1)  0.369  0.001
 170 E   0.84065 0.15905 0.00030 ( 1)  0.315  0.000
 171 V   0.59453 0.40428 0.00118 ( 1)  0.517  0.001
 172 K   0.00237 0.83278 0.16485 ( 2)  1.216  0.165
 173 M   0.20153 0.79497 0.00350 ( 2)  0.840  0.003
 174 N   0.00298 0.86622 0.13080 ( 2)  1.171  0.131
 175 S   0.16966 0.81346 0.01689 ( 2)  0.884  0.017
 176 A   0.43492 0.56016 0.00491 ( 2)  0.652  0.005
 177 V   0.04644 0.92892 0.02464 ( 2)  0.995  0.025
 178 I   0.26248 0.73058 0.00693 ( 2)  0.795  0.007
 179 L   0.00356 0.86976 0.12669 ( 2)  1.165  0.127
 180 D   0.87352 0.12634 0.00014 ( 1)  0.288  0.000
 181 T   0.89788 0.10173 0.00039 ( 1)  0.268  0.000
 182 T   0.68001 0.31944 0.00055 ( 1)  0.446  0.001
 183 G   0.96846 0.03151 0.00003 ( 1)  0.210  0.000
 184 L   0.41952 0.57754 0.00293 ( 2)  0.662  0.003
 185 S   0.87494 0.12477 0.00029 ( 1)  0.287  0.000
 186 G   0.96743 0.03255 0.00002 ( 1)  0.211  0.000
 187 N   0.85484 0.14501 0.00015 ( 1)  0.303  0.000
 188 Y   0.97126 0.02870 0.00004 ( 1)  0.208  0.000
 189 C   0.98645 0.01354 0.00001 ( 1)  0.196  0.000
 190 V   0.22234 0.76486 0.01279 ( 2)  0.836  0.013
 191 E   0.89329 0.10656 0.00015 ( 1)  0.272  0.000
 192 A   0.42789 0.56533 0.00678 ( 2)  0.660  0.007
 193 L   0.19964 0.79499 0.00537 ( 2)  0.844  0.005
 194 T   0.96707 0.03284 0.00009 ( 1)  0.212  0.000
 195 V   0.21954 0.77410 0.00636 ( 2)  0.829  0.006
 196 F   0.56601 0.42877 0.00522 ( 1)  0.545  0.005
 197 T   0.59204 0.40601 0.00196 ( 1)  0.520  0.002
 198 M   0.55394 0.44402 0.00205 ( 1)  0.551  0.002
 199 E   0.00506 0.92204 0.07290 ( 2)  1.092  0.073
 200 Q   0.13240 0.86304 0.00457 ( 2)  0.898  0.005
 201 K   0.00305 0.94405 0.05289 ( 2)  1.068  0.053
 202 K   0.99081 0.00918 0.00001 ( 1)  0.192  0.000
 203 I   0.00008 0.68254 0.31738 ( 2)  1.420  0.317
 204 S   0.97992 0.02007 0.00001 ( 1)  0.201  0.000
 205 Q   0.02964 0.93696 0.03340 ( 2)  1.020  0.033
 206 P   0.19262 0.80273 0.00465 ( 2)  0.849  0.005
 207 S   0.95203 0.04789 0.00008 ( 1)  0.224  0.000
 208 K   0.00004 0.66405 0.33591 ( 2)  1.445  0.336
 209 P   0.98134 0.01865 0.00001 ( 1)  0.200  0.000
 210 F   0.41357 0.58236 0.00407 ( 2)  0.668  0.004
 211 C   0.94868 0.05127 0.00005 ( 1)  0.227  0.000
 212 H   0.44174 0.55403 0.00422 ( 2)  0.645  0.004
 213 L   0.37988 0.61788 0.00224 ( 2)  0.693  0.002
 214 F   0.30999 0.67758 0.01242 ( 2)  0.764  0.012
 215 -   0.19993 0.78576 0.01430 ( 2)  0.856  0.014
 216 -   0.21843 0.77297 0.00860 ( 2)  0.833  0.009
 217 K   0.94205 0.05787 0.00008 ( 1)  0.232  0.000
 218 D   0.99432 0.00568 0.00000 ( 1)  0.189  0.000
 219 E   0.22336 0.76990 0.00674 ( 2)  0.827  0.007
 220 E   0.00022 0.71186 0.28792 ( 2)  1.381  0.288
 221 Y   0.04261 0.91778 0.03961 ( 2)  1.018  0.040
 222 N   0.55914 0.43938 0.00149 ( 1)  0.546  0.001
 223 S   0.02376 0.91794 0.05830 ( 2)  1.058  0.058
 224 G   0.04191 0.93781 0.02027 ( 2)  0.993  0.020
 225 H   0.02926 0.92693 0.04380 ( 2)  1.034  0.044
 226 N   0.00776 0.95204 0.04020 ( 2)  1.047  0.040
 227 W   0.00038 0.80110 0.19853 ( 2)  1.263  0.199
 228 S   0.00757 0.86652 0.12591 ( 2)  1.161  0.126
 229 F   0.02507 0.92492 0.05002 ( 2)  1.046  0.050
 230 A   0.02057 0.91683 0.06260 ( 2)  1.066  0.063
 231 V   0.08877 0.88678 0.02444 ( 2)  0.960  0.024
 232 L   0.00293 0.87305 0.12402 ( 2)  1.162  0.124
 233 I   0.16165 0.80318 0.03517 ( 2)  0.915  0.035
 234 L   0.01748 0.94095 0.04157 ( 2)  1.041  0.042
 235 F   0.00735 0.92359 0.06906 ( 2)  1.085  0.069
 236 P   0.00488 0.92093 0.07419 ( 2)  1.094  0.074
 237 I   0.22606 0.75849 0.01545 ( 2)  0.836  0.015
 238 L   0.27131 0.72109 0.00761 ( 2)  0.789  0.008
 239 L   0.00174 0.79246 0.20580 ( 2)  1.271  0.206
 240 I   0.01013 0.87642 0.11345 ( 2)  1.142  0.113
 241 S   0.04440 0.93417 0.02143 ( 2)  0.992  0.021
 242 G   0.00921 0.87989 0.11090 ( 2)  1.139  0.111
 243 I   0.02013 0.89235 0.08752 ( 2)  1.100  0.088
 244 L   0.24433 0.72757 0.02810 ( 2)  0.838  0.028
 245 L   0.59489 0.39939 0.00572 ( 1)  0.523  0.006
 246 Y   0.21975 0.76553 0.01472 ( 2)  0.840  0.015
 247 T   0.00212 0.85982 0.13806 ( 2)  1.181  0.138
 248 S   0.00343 0.88729 0.10928 ( 2)  1.142  0.109
 249 -   0.53389 0.45893 0.00718 ( 1)  0.574  0.007
 250 -   0.55618 0.43783 0.00598 ( 1)  0.554  0.006
 251 -   0.52136 0.46991 0.00874 ( 1)  0.587  0.009
 252 -   0.90813 0.09146 0.00040 ( 1)  0.260  0.000
 253 -   0.39384 0.59349 0.01267 ( 2)  0.696  0.013
 254 -   0.82527 0.17376 0.00097 ( 1)  0.328  0.001
 255 -   0.03035 0.89938 0.07027 ( 2)  1.068  0.070
 256 -   0.87512 0.12441 0.00046 ( 1)  0.287  0.000
 257 -   0.18113 0.79671 0.02215 ( 2)  0.882  0.022
 258 S   0.09817 0.87810 0.02373 ( 2)  0.951  0.024
 259 P   0.53101 0.46262 0.00637 ( 1)  0.575  0.006
 260 D   0.98573 0.01425 0.00003 ( 1)  0.196  0.000
 261 I   0.16360 0.82170 0.01470 ( 2)  0.886  0.015
 262 L   0.59092 0.40555 0.00353 ( 1)  0.523  0.004
 263 A   0.01938 0.93115 0.04948 ( 2)  1.050  0.049
 264 K   0.00873 0.89321 0.09806 ( 2)  1.123  0.098
 265 Q   0.60028 0.39711 0.00260 ( 1)  0.514  0.003
 266 R   0.04013 0.93700 0.02286 ( 2)  0.998  0.023
 267 G   0.04588 0.87872 0.07540 ( 2)  1.062  0.075
 268 Q   0.19856 0.78609 0.01535 ( 2)  0.858  0.015
 269 L   0.35569 0.63761 0.00670 ( 2)  0.719  0.007
 270 L   0.19022 0.79796 0.01182 ( 2)  0.861  0.012
 271 W   0.00069 0.72139 0.27792 ( 2)  1.368  0.278
 272 I   0.10161 0.88505 0.01334 ( 2)  0.935  0.013
 273 F   0.08143 0.83849 0.08008 ( 2)  1.040  0.080
 274 P   0.95550 0.04438 0.00012 ( 1)  0.221  0.000
 275 D   0.00955 0.90530 0.08515 ( 2)  1.105  0.085
 276 -   0.28109 0.68230 0.03661 ( 2)  0.819  0.037
 277 -   0.39349 0.59456 0.01195 ( 2)  0.695  0.012
 278 -   0.04625 0.84345 0.11030 ( 2)  1.108  0.110
 279 -   0.88925 0.11022 0.00053 ( 1)  0.276  0.001
 280 -   0.01926 0.87612 0.10462 ( 2)  1.123  0.105
 281 -   0.18672 0.79640 0.01688 ( 2)  0.870  0.017
 282 -   0.16389 0.81486 0.02125 ( 2)  0.895  0.021
 283 -   0.48013 0.51270 0.00716 ( 2)  0.618  0.007
 284 -   0.88352 0.11605 0.00043 ( 1)  0.280  0.000
 285 -   0.01708 0.85522 0.12770 ( 2)  1.155  0.128
 286 -   0.63136 0.36458 0.00406 ( 1)  0.491  0.004
 287 -   0.00341 0.79598 0.20061 ( 2)  1.263  0.201
 288 -   0.00446 0.85668 0.13886 ( 2)  1.180  0.139
 289 -   0.52399 0.46495 0.01106 ( 1)  0.587  0.011
 290 -   0.02002 0.86542 0.11455 ( 2)  1.135  0.115
 291 -   0.56225 0.43261 0.00513 ( 1)  0.548  0.005
 292 -   0.81643 0.18242 0.00115 ( 1)  0.336  0.001
 293 -   0.12099 0.84459 0.03442 ( 2)  0.947  0.034
 294 -   0.42143 0.56539 0.01319 ( 2)  0.674  0.013
 295 -   0.41691 0.57076 0.01233 ( 2)  0.676  0.012
 296 -   0.83588 0.16297 0.00115 ( 1)  0.320  0.001
 297 -   0.90813 0.09146 0.00040 ( 1)  0.260  0.000
 298 -   0.18822 0.79303 0.01875 ( 2)  0.871  0.019
 299 -   0.35278 0.62877 0.01845 ( 2)  0.737  0.018
 300 -   0.15749 0.80819 0.03432 ( 2)  0.917  0.034
 301 -   0.54515 0.45061 0.00424 ( 1)  0.561  0.004
 302 -   0.65914 0.33764 0.00322 ( 1)  0.467  0.003
 303 -   0.03617 0.90489 0.05894 ( 2)  1.049  0.059
 304 -   0.02541 0.89344 0.08115 ( 2)  1.087  0.081
 305 -   0.25238 0.73207 0.01555 ( 2)  0.815  0.016
 306 -   0.92923 0.07052 0.00025 ( 1)  0.243  0.000
 307 -   0.83657 0.16251 0.00092 ( 1)  0.319  0.001
 308 -   0.41734 0.57237 0.01029 ( 2)  0.673  0.010
 309 -   0.23436 0.74898 0.01667 ( 2)  0.831  0.017
 310 -   0.88967 0.10955 0.00078 ( 1)  0.276  0.001
 311 -   0.77879 0.21934 0.00187 ( 1)  0.368  0.002
 312 -   0.81292 0.18576 0.00131 ( 1)  0.339  0.001
 313 -   0.43513 0.55144 0.01343 ( 2)  0.663  0.013
 314 -   0.03471 0.90602 0.05928 ( 2)  1.050  0.059
 315 -   0.77115 0.22712 0.00173 ( 1)  0.374  0.002
 316 -   0.82697 0.17212 0.00092 ( 1)  0.327  0.001
 317 -   0.78127 0.21698 0.00176 ( 1)  0.365  0.002
 318 -   0.77879 0.21934 0.00187 ( 1)  0.368  0.002
 319 -   0.92469 0.07516 0.00014 ( 1)  0.246  0.000
 320 -   0.80409 0.19469 0.00122 ( 1)  0.346  0.001
 321 -   0.69426 0.30166 0.00408 ( 1)  0.439  0.004
 322 -   0.78600 0.21234 0.00165 ( 1)  0.361  0.002
 323 -   0.89828 0.10113 0.00059 ( 1)  0.268  0.001
 324 -   0.92469 0.07516 0.00014 ( 1)  0.246  0.000
 325 -   0.46822 0.52507 0.00671 ( 2)  0.627  0.007
 326 -   0.16023 0.80319 0.03658 ( 2)  0.918  0.037
 327 -   0.78301 0.21496 0.00203 ( 1)  0.364  0.002
 328 -   0.11123 0.84638 0.04239 ( 2)  0.965  0.042
 329 -   0.10615 0.84561 0.04824 ( 2)  0.977  0.048
 330 -   0.09742 0.85449 0.04809 ( 2)  0.984  0.048
 331 -   0.90359 0.09613 0.00029 ( 1)  0.264  0.000
 332 -   0.88129 0.11812 0.00059 ( 1)  0.282  0.001
 333 -   0.06039 0.86975 0.06986 ( 2)  1.043  0.070
 334 -   0.10701 0.85682 0.03618 ( 2)  0.961  0.036
 335 -   0.17511 0.80460 0.02029 ( 2)  0.884  0.020
 336 -   0.86560 0.13374 0.00065 ( 1)  0.295  0.001
 337 -   0.77936 0.21907 0.00157 ( 1)  0.367  0.002
 338 -   0.16402 0.81465 0.02133 ( 2)  0.895  0.021
 339 -   0.81479 0.18383 0.00138 ( 1)  0.338  0.001
 340 -   0.36391 0.62371 0.01238 ( 2)  0.720  0.012
 341 -   0.84827 0.15098 0.00075 ( 1)  0.309  0.001
 342 -   0.93135 0.06833 0.00031 ( 1)  0.241  0.000
 343 -   0.88221 0.11712 0.00067 ( 1)  0.282  0.001
 344 -   0.79854 0.19983 0.00163 ( 1)  0.351  0.002
 345 -   0.83093 0.16826 0.00082 ( 1)  0.324  0.001
 346 -   0.79854 0.19983 0.00163 ( 1)  0.351  0.002
 347 -   0.86523 0.13417 0.00059 ( 1)  0.295  0.001
 348 -   0.02081 0.87116 0.10803 ( 2)  1.126  0.108
 349 -   0.12845 0.83398 0.03757 ( 2)  0.945  0.038
 350 -   0.18070 0.77576 0.04354 ( 2)  0.910  0.044
 351 -   0.38140 0.60784 0.01075 ( 2)  0.703  0.011
 352 -   0.15003 0.81768 0.03229 ( 2)  0.920  0.032
 353 -   0.12634 0.81962 0.05404 ( 2)  0.969  0.054
 354 -   0.13028 0.83180 0.03792 ( 2)  0.944  0.038
 355 -   0.28056 0.68391 0.03553 ( 2)  0.818  0.036
 356 -   0.41798 0.57105 0.01097 ( 2)  0.674  0.011
 357 -   0.09226 0.84868 0.05906 ( 2)  1.003  0.059
 358 -   0.44371 0.54840 0.00789 ( 2)  0.649  0.008
 359 -   0.92923 0.07052 0.00025 ( 1)  0.243  0.000
 360 -   0.53312 0.46245 0.00443 ( 1)  0.571  0.004
 361 -   0.41787 0.57244 0.00969 ( 2)  0.672  0.010
 362 -   0.18192 0.79714 0.02094 ( 2)  0.879  0.021
 363 -   0.58740 0.40809 0.00451 ( 1)  0.527  0.005
 364 -   0.81455 0.18400 0.00145 ( 1)  0.338  0.001
 365 -   0.80468 0.19389 0.00143 ( 1)  0.346  0.001
 366 -   0.91175 0.08777 0.00048 ( 1)  0.257  0.000
 367 -   0.22250 0.73279 0.04471 ( 2)  0.878  0.045
 368 -   0.15417 0.81953 0.02631 ( 2)  0.909  0.026
 369 -   0.46878 0.52192 0.00931 ( 2)  0.630  0.009
 370 -   0.62910 0.36662 0.00428 ( 1)  0.493  0.004
 371 -   0.33521 0.64831 0.01648 ( 2)  0.749  0.016
 372 -   0.04459 0.88239 0.07302 ( 2)  1.060  0.073
 373 -   0.01667 0.86796 0.11537 ( 2)  1.139  0.115
 374 -   0.88160 0.11781 0.00060 ( 1)  0.282  0.001
 375 -   0.34057 0.64308 0.01634 ( 2)  0.744  0.016
 376 -   0.46782 0.52474 0.00745 ( 2)  0.628  0.007
 377 -   0.36069 0.62389 0.01542 ( 2)  0.726  0.015
 378 -   0.16026 0.81271 0.02704 ( 2)  0.905  0.027
 379 -   0.86098 0.13813 0.00089 ( 1)  0.299  0.001
 380 -   0.76268 0.23409 0.00324 ( 1)  0.382  0.003
 381 -   0.86624 0.13329 0.00046 ( 1)  0.294  0.000
 382 S   0.92348 0.07621 0.00030 ( 1)  0.247  0.000
 383 A   0.86430 0.13515 0.00055 ( 1)  0.296  0.001
 384 G   0.77958 0.21961 0.00081 ( 1)  0.365  0.001
 385 N   0.72240 0.27669 0.00091 ( 1)  0.412  0.001
 386 C   0.83565 0.16377 0.00058 ( 1)  0.319  0.001
 387 V   0.03340 0.94223 0.02436 ( 2)  1.005  0.024
 388 P   0.06559 0.89125 0.04316 ( 2)  1.004  0.043
 389 Q   0.61397 0.38377 0.00226 ( 1)  0.502  0.002
 390 S   0.04581 0.89525 0.05894 ( 2)  1.041  0.059
 391 F   0.96482 0.03502 0.00016 ( 1)  0.214  0.000

Positively selected sites

	Prob(w>1)  mean w



lnL = -5821.199291

Bayes Empirical Bayes (BEB) probabilities for 3 classes (class) & postmean_w
(amino acids refer to 1st sequence: xeno|270561947)

   1 M   0.99538 0.00455 0.00007 ( 1)  0.195 +-  0.074
   2 S   0.98174 0.01777 0.00050 ( 1)  0.207 +-  0.121
   3 V   0.10897 0.79274 0.09829 ( 2)  0.974 +-  0.333
   4 W   0.45524 0.51745 0.02731 ( 2)  0.654 +-  0.420
   5 F   0.59489 0.38271 0.02240 ( 1)  0.536 +-  0.419
   6 T   0.00132 0.61081 0.38787 ( 2)  1.467 +-  0.879
   7 W   0.56527 0.40928 0.02544 ( 1)  0.562 +-  0.424
   8 A   0.21650 0.71438 0.06913 ( 2)  0.872 +-  0.385
   9 F   0.60497 0.37860 0.01643 ( 1)  0.526 +-  0.409
  10 L   0.92118 0.07553 0.00329 ( 1)  0.258 +-  0.231
  11 I   0.03495 0.70398 0.26107 ( 2)  1.254 +-  0.705
  12 S   0.16319 0.76799 0.06882 ( 2)  0.912 +-  0.343
  13 Q   0.00288 0.78258 0.21454 ( 2)  1.153 +-  0.386
  14 C   0.44320 0.52769 0.02911 ( 2)  0.664 +-  0.421
  15 F   0.58373 0.40512 0.01115 ( 1)  0.541 +-  0.405
  16 V   0.49075 0.48092 0.02833 ( 1)  0.626 +-  0.427
  17 L   0.02375 0.83365 0.14259 ( 2)  1.069 +-  0.282
  18 Q   0.04262 0.83081 0.12657 ( 2)  1.046 +-  0.303
  19 I   0.69451 0.29297 0.01252 ( 1)  0.450 +-  0.388
  20 A   0.79854 0.19259 0.00887 ( 1)  0.362 +-  0.340
  21 G   0.97109 0.02814 0.00077 ( 1)  0.216 +-  0.147
  22 L   0.10030 0.78987 0.10982 ( 2)  0.990 +-  0.343
  23 L   0.59441 0.38285 0.02274 ( 1)  0.536 +-  0.419
  24 H   0.95081 0.04807 0.00113 ( 1)  0.233 +-  0.185
  25 P   0.67827 0.31220 0.00952 ( 1)  0.462 +-  0.387
  26 P   0.98696 0.01277 0.00027 ( 1)  0.202 +-  0.105
  27 L   0.05608 0.77297 0.17095 ( 2)  1.089 +-  0.440
  28 N   0.99300 0.00683 0.00017 ( 1)  0.197 +-  0.085
  29 V   0.95622 0.04197 0.00181 ( 1)  0.228 +-  0.178
  30 T   0.18911 0.72829 0.08260 ( 2)  0.903 +-  0.387
  31 T   0.29113 0.65499 0.05389 ( 2)  0.804 +-  0.408
  32 I   0.78562 0.20915 0.00523 ( 1)  0.371 +-  0.340
  33 S   0.95765 0.04104 0.00132 ( 1)  0.227 +-  0.174
  34 R   0.70448 0.28210 0.01342 ( 1)  0.441 +-  0.385
  35 N   0.98654 0.01311 0.00035 ( 1)  0.203 +-  0.107
  36 F   0.13989 0.75774 0.10237 ( 2)  0.958 +-  0.382
  37 R   0.96675 0.03275 0.00050 ( 1)  0.219 +-  0.155
  38 L   0.94161 0.05639 0.00200 ( 1)  0.240 +-  0.201
  39 F   0.99207 0.00778 0.00015 ( 1)  0.198 +-  0.088
  40 L   0.96090 0.03801 0.00109 ( 1)  0.224 +-  0.168
  41 T   0.88901 0.10659 0.00440 ( 1)  0.285 +-  0.267
  42 W   0.87847 0.11652 0.00501 ( 1)  0.293 +-  0.277
  43 A   0.66700 0.32291 0.01009 ( 1)  0.472 +-  0.390
  44 P   0.98307 0.01655 0.00037 ( 1)  0.206 +-  0.117
  45 D   0.36569 0.59874 0.03557 ( 2)  0.732 +-  0.411
  46 P   0.27136 0.66392 0.06473 ( 2)  0.824 +-  0.408
  47 R   0.00682 0.83071 0.16248 ( 2)  1.102 +-  0.315
  48 N   0.80640 0.18594 0.00766 ( 1)  0.355 +-  0.334
  49 P   0.56937 0.40732 0.02332 ( 1)  0.559 +-  0.423
  50 P   0.46255 0.51038 0.02707 ( 2)  0.648 +-  0.421
  51 N   0.08260 0.82736 0.09003 ( 2)  0.989 +-  0.297
  52 V   0.98570 0.01393 0.00036 ( 1)  0.203 +-  0.110
  53 S   0.46474 0.50417 0.03109 ( 2)  0.648 +-  0.427
  54 Y   0.98428 0.01535 0.00037 ( 1)  0.205 +-  0.114
  55 Q   0.36896 0.60102 0.03002 ( 2)  0.726 +-  0.404
  56 V   0.98046 0.01903 0.00051 ( 1)  0.208 +-  0.124
  57 A   0.04910 0.82235 0.12855 ( 2)  1.040 +-  0.300
  58 Y   0.96350 0.03546 0.00105 ( 1)  0.222 +-  0.163
  59 Y   0.00674 0.79782 0.19544 ( 2)  1.133 +-  0.366
  60 M   0.22578 0.73418 0.04004 ( 2)  0.846 +-  0.354
  61 F   0.09785 0.76951 0.13264 ( 2)  1.017 +-  0.402
  62 I   0.09920 0.81121 0.08959 ( 2)  0.976 +-  0.315
  63 E   0.16321 0.77139 0.06541 ( 2)  0.911 +-  0.340
  64 K   0.40095 0.57358 0.02547 ( 2)  0.698 +-  0.408
  65 K   0.91334 0.08445 0.00221 ( 1)  0.264 +-  0.237
  66 W   0.87847 0.11652 0.00501 ( 1)  0.293 +-  0.277
  67 N   0.45399 0.51573 0.03029 ( 2)  0.657 +-  0.424
  68 K   0.00042 0.50545 0.49413 ( 2)  1.658 +-  1.052
  69 -   0.75452 0.23523 0.01025 ( 1)  0.399 +-  0.363
  70 K   0.52410 0.45763 0.01827 ( 1)  0.593 +-  0.415
  71 N   0.00536 0.80052 0.19412 ( 2)  1.139 +-  0.392
  72 C   0.98379 0.01591 0.00030 ( 1)  0.205 +-  0.115
  73 R   0.14444 0.79320 0.06236 ( 2)  0.923 +-  0.321
  74 N   0.99461 0.00527 0.00011 ( 1)  0.196 +-  0.078
  75 I   0.87285 0.12211 0.00504 ( 1)  0.299 +-  0.283
  76 T   0.81804 0.17487 0.00708 ( 1)  0.345 +-  0.325
  77 G   0.08417 0.81594 0.09988 ( 2)  0.996 +-  0.319
  78 K   0.92592 0.07212 0.00196 ( 1)  0.253 +-  0.222
  79 E   0.86786 0.12711 0.00503 ( 1)  0.303 +-  0.287
  80 C   0.98776 0.01203 0.00021 ( 1)  0.202 +-  0.103
  81 D   0.25944 0.68341 0.05715 ( 2)  0.830 +-  0.392
  82 L   0.36810 0.59972 0.03218 ( 2)  0.728 +-  0.408
  83 T   0.96782 0.03115 0.00103 ( 1)  0.218 +-  0.154
  84 C   0.98379 0.01591 0.00030 ( 1)  0.205 +-  0.115
  85 L   0.03302 0.83119 0.13579 ( 2)  1.060 +-  0.300
  86 F   0.69179 0.29644 0.01176 ( 1)  0.452 +-  0.387
  87 Y   0.25453 0.67513 0.07034 ( 2)  0.842 +-  0.408
  88 T   0.22806 0.71426 0.05768 ( 2)  0.855 +-  0.375
  89 H   0.00402 0.72178 0.27421 ( 2)  1.243 +-  0.555
  90 N   0.26964 0.66393 0.06643 ( 2)  0.830 +-  0.419
  91 Y   0.68927 0.29871 0.01202 ( 1)  0.454 +-  0.388
  92 I   0.00180 0.66790 0.33030 ( 2)  1.351 +-  0.737
  93 V   0.98570 0.01393 0.00036 ( 1)  0.203 +-  0.110
  94 G   0.04947 0.78947 0.16106 ( 2)  1.078 +-  0.391
  95 V   0.94475 0.05304 0.00221 ( 1)  0.238 +-  0.197
  96 R   0.30899 0.62600 0.06501 ( 2)  0.795 +-  0.427
  97 T   0.41860 0.53672 0.04468 ( 2)  0.695 +-  0.441
  98 K   0.05215 0.82426 0.12359 ( 2)  1.038 +-  0.314
  99 F   0.71903 0.27100 0.00997 ( 1)  0.429 +-  0.376
 100 G   0.19087 0.75085 0.05828 ( 2)  0.883 +-  0.349
 101 S   0.84407 0.14965 0.00628 ( 1)  0.323 +-  0.307
 102 S   0.00191 0.77277 0.22532 ( 2)  1.165 +-  0.403
 103 M   0.51864 0.46392 0.01744 ( 1)  0.597 +-  0.414
 104 S   0.96957 0.02960 0.00083 ( 1)  0.217 +-  0.150
 105 K   0.06594 0.73272 0.20134 ( 2)  1.130 +-  0.558
 106 W   0.87847 0.11652 0.00501 ( 1)  0.293 +-  0.277
 107 E   0.63462 0.35087 0.01451 ( 1)  0.501 +-  0.403
 108 E   0.34220 0.61409 0.04371 ( 2)  0.754 +-  0.412
 109 I   0.68881 0.29782 0.01337 ( 1)  0.455 +-  0.390
 110 K   0.05299 0.82502 0.12199 ( 2)  1.037 +-  0.320
 111 D   0.98145 0.01821 0.00035 ( 1)  0.207 +-  0.121
 112 I   0.99088 0.00890 0.00022 ( 1)  0.199 +-  0.093
 113 S   0.01045 0.83198 0.15757 ( 2)  1.092 +-  0.292
 114 Y   0.95675 0.04193 0.00133 ( 1)  0.228 +-  0.176
 115 I   0.20278 0.72850 0.06872 ( 2)  0.882 +-  0.374
 116 F   0.77513 0.21630 0.00858 ( 1)  0.382 +-  0.351
 117 T   0.98551 0.01410 0.00038 ( 1)  0.204 +-  0.110
 118 V   0.93243 0.06506 0.00251 ( 1)  0.248 +-  0.215
 119 D   0.94308 0.05532 0.00160 ( 1)  0.239 +-  0.198
 120 P   0.98094 0.01861 0.00045 ( 1)  0.207 +-  0.123
 121 E   0.79124 0.20103 0.00773 ( 1)  0.367 +-  0.341
 122 A   0.90062 0.09671 0.00267 ( 1)  0.275 +-  0.252
 123 P   0.98072 0.01883 0.00046 ( 1)  0.208 +-  0.123
 124 T   0.25908 0.68532 0.05560 ( 2)  0.830 +-  0.395
 125 L   0.74950 0.23766 0.01284 ( 1)  0.404 +-  0.370
 126 E   0.70301 0.28865 0.00833 ( 1)  0.441 +-  0.378
 127 V   0.98570 0.01393 0.00036 ( 1)  0.203 +-  0.110
 128 K   0.59347 0.38915 0.01738 ( 1)  0.536 +-  0.412
 129 F   0.02708 0.83827 0.13465 ( 2)  1.062 +-  0.282
 130 V   0.83060 0.16394 0.00546 ( 1)  0.334 +-  0.314
 131 D   0.83750 0.15768 0.00482 ( 1)  0.328 +-  0.309
 132 K   0.14128 0.79610 0.06262 ( 2)  0.924 +-  0.315
 133 S   0.01282 0.83885 0.14833 ( 2)  1.083 +-  0.283
 134 M   0.07979 0.82543 0.09478 ( 2)  0.994 +-  0.300
 135 Y   0.13923 0.78866 0.07211 ( 2)  0.933 +-  0.327
 136 I   0.60256 0.38045 0.01699 ( 1)  0.528 +-  0.411
 137 N   0.47889 0.49619 0.02492 ( 2)  0.635 +-  0.421
 138 A   0.00602 0.72250 0.27147 ( 2)  1.259 +-  0.623
 139 A   0.01884 0.83273 0.14843 ( 2)  1.083 +-  0.313
 140 V   0.00166 0.70535 0.29299 ( 2)  1.278 +-  0.615
 141 K   0.02750 0.81048 0.16202 ( 2)  1.091 +-  0.354
 142 T   0.00754 0.77354 0.21893 ( 2)  1.176 +-  0.483
 143 P   0.97965 0.01985 0.00049 ( 1)  0.208 +-  0.126
 144 H   0.00009 0.43289 0.56702 ( 3)  1.765 +-  1.098
 145 C   0.95748 0.04143 0.00110 ( 1)  0.227 +-  0.173
 146 I   0.10827 0.78863 0.10310 ( 2)  0.980 +-  0.345
 147 K   0.00819 0.78404 0.20777 ( 2)  1.151 +-  0.411
 148 D   0.00209 0.69481 0.30311 ( 2)  1.295 +-  0.639
 149 I   0.03101 0.76832 0.20067 ( 2)  1.142 +-  0.477
 150 Y   0.18670 0.74899 0.06431 ( 2)  0.891 +-  0.355
 151 -   0.80515 0.18811 0.00674 ( 1)  0.355 +-  0.332
 152 -   0.00044 0.47258 0.52697 ( 3)  1.700 +-  1.048
 153 -   0.51017 0.45794 0.03189 ( 1)  0.610 +-  0.432
 154 N   0.03041 0.82800 0.14159 ( 2)  1.069 +-  0.317
 155 L   0.76468 0.22612 0.00921 ( 1)  0.390 +-  0.357
 156 K   0.01600 0.76837 0.21563 ( 2)  1.166 +-  0.472
 157 Y   0.91541 0.08220 0.00239 ( 1)  0.262 +-  0.235
 158 N   0.00564 0.79331 0.20105 ( 2)  1.152 +-  0.426
 159 I   0.82122 0.17139 0.00739 ( 1)  0.342 +-  0.324
 160 E   0.05788 0.78884 0.15328 ( 2)  1.064 +-  0.390
 161 N   0.03438 0.78506 0.18055 ( 2)  1.112 +-  0.423
 162 A   0.14764 0.79239 0.05997 ( 2)  0.919 +-  0.321
 163 P   0.03943 0.79443 0.16615 ( 2)  1.097 +-  0.423
 164 K   0.07815 0.83706 0.08478 ( 2)  0.987 +-  0.279
 165 Q   0.63988 0.34314 0.01697 ( 1)  0.496 +-  0.405
 166 I   0.58227 0.39664 0.02109 ( 1)  0.547 +-  0.419
 167 K   0.77417 0.21841 0.00742 ( 1)  0.382 +-  0.350
 168 F   0.60826 0.37358 0.01816 ( 1)  0.524 +-  0.412
 169 K   0.78625 0.20735 0.00640 ( 1)  0.371 +-  0.342
 170 E   0.85366 0.14185 0.00449 ( 1)  0.314 +-  0.296
 171 V   0.61749 0.36856 0.01395 ( 1)  0.514 +-  0.405
 172 K   0.00453 0.70623 0.28925 ( 2)  1.286 +-  0.664
 173 M   0.25644 0.70547 0.03809 ( 2)  0.821 +-  0.368
 174 N   0.00572 0.74217 0.25211 ( 2)  1.215 +-  0.521
 175 S   0.20745 0.71553 0.07702 ( 2)  0.884 +-  0.388
 176 A   0.46628 0.50170 0.03202 ( 2)  0.648 +-  0.428
 177 V   0.07304 0.81828 0.10868 ( 2)  1.010 +-  0.316
 178 I   0.30619 0.64842 0.04539 ( 2)  0.785 +-  0.401
 179 L   0.00669 0.74474 0.24857 ( 2)  1.219 +-  0.550
 180 D   0.88032 0.11722 0.00246 ( 1)  0.292 +-  0.270
 181 T   0.90654 0.08984 0.00362 ( 1)  0.270 +-  0.248
 182 T   0.69774 0.29348 0.00878 ( 1)  0.446 +-  0.380
 183 G   0.97236 0.02701 0.00063 ( 1)  0.214 +-  0.144
 184 L   0.45447 0.51772 0.02781 ( 2)  0.654 +-  0.420
 185 S   0.88156 0.11525 0.00319 ( 1)  0.291 +-  0.271
 186 G   0.97146 0.02790 0.00064 ( 1)  0.215 +-  0.146
 187 N   0.86255 0.13460 0.00285 ( 1)  0.307 +-  0.286
 188 Y   0.97470 0.02460 0.00069 ( 1)  0.213 +-  0.139
 189 C   0.98815 0.01165 0.00020 ( 1)  0.201 +-  0.101
 190 V   0.26257 0.67536 0.06207 ( 2)  0.832 +-  0.404
 191 E   0.90249 0.09501 0.00250 ( 1)  0.273 +-  0.249
 192 A   0.45812 0.50538 0.03650 ( 2)  0.657 +-  0.435
 193 L   0.24842 0.70500 0.04657 ( 2)  0.831 +-  0.373
 194 T   0.97075 0.02815 0.00110 ( 1)  0.216 +-  0.149
 195 V   0.26626 0.68612 0.04762 ( 2)  0.818 +-  0.384
 196 F   0.58626 0.38669 0.02705 ( 1)  0.547 +-  0.428
 197 T   0.61389 0.36937 0.01674 ( 1)  0.519 +-  0.409
 198 M   0.57855 0.40410 0.01735 ( 1)  0.548 +-  0.414
 199 E   0.01036 0.80012 0.18952 ( 2)  1.133 +-  0.394
 200 Q   0.18538 0.76626 0.04837 ( 2)  0.882 +-  0.336
 201 K   0.00737 0.82364 0.16898 ( 2)  1.107 +-  0.323
 202 K   0.99188 0.00795 0.00017 ( 1)  0.198 +-  0.089
 203 I   0.00023 0.56821 0.43156 ( 2)  1.508 +-  0.887
 204 S   0.98244 0.01722 0.00034 ( 1)  0.206 +-  0.118
 205 Q   0.04859 0.82337 0.12804 ( 2)  1.044 +-  0.315
 206 P   0.24200 0.71222 0.04578 ( 2)  0.836 +-  0.368
 207 S   0.95765 0.04104 0.00132 ( 1)  0.227 +-  0.174
 208 K   0.00017 0.55772 0.44212 ( 2)  1.520 +-  0.882
 209 P   0.98362 0.01602 0.00036 ( 1)  0.205 +-  0.115
 210 F   0.44787 0.52204 0.03010 ( 2)  0.662 +-  0.423
 211 C   0.95484 0.04396 0.00119 ( 1)  0.229 +-  0.178
 212 H   0.47285 0.49650 0.03065 ( 2)  0.641 +-  0.426
 213 L   0.42021 0.55636 0.02343 ( 2)  0.681 +-  0.410
 214 F   0.34735 0.60202 0.05063 ( 2)  0.760 +-  0.439
 215 -   0.23593 0.69300 0.07107 ( 2)  0.857 +-  0.398
 216 -   0.25759 0.68380 0.05862 ( 2)  0.830 +-  0.390
 217 K   0.94762 0.05106 0.00132 ( 1)  0.235 +-  0.190
 218 D   0.99495 0.00496 0.00009 ( 1)  0.196 +-  0.076
 219 E   0.26786 0.68211 0.05003 ( 2)  0.818 +-  0.386
 220 E   0.00060 0.59326 0.40614 ( 2)  1.479 +-  0.865
 221 Y   0.06591 0.80433 0.12976 ( 2)  1.038 +-  0.364
 222 N   0.58470 0.39876 0.01654 ( 1)  0.542 +-  0.411
 223 S   0.03794 0.80072 0.16134 ( 2)  1.089 +-  0.390
 224 G   0.06835 0.82905 0.10260 ( 2)  1.008 +-  0.297
 225 H   0.04151 0.80975 0.14874 ( 2)  1.066 +-  0.339
 226 N   0.01578 0.83380 0.15042 ( 2)  1.083 +-  0.292
 227 W   0.00098 0.67361 0.32541 ( 2)  1.333 +-  0.700
 228 S   0.01272 0.74498 0.24230 ( 2)  1.203 +-  0.524
 229 F   0.04088 0.80847 0.15065 ( 2)  1.076 +-  0.377
 230 A   0.03350 0.79861 0.16789 ( 2)  1.098 +-  0.396
 231 V   0.12674 0.77868 0.09458 ( 2)  0.965 +-  0.372
 232 L   0.00598 0.74601 0.24801 ( 2)  1.225 +-  0.579
 233 I   0.19256 0.70225 0.10519 ( 2)  0.927 +-  0.459
 234 L   0.03087 0.82577 0.14336 ( 2)  1.072 +-  0.331
 235 F   0.01444 0.80172 0.18384 ( 2)  1.131 +-  0.428
 236 P   0.00997 0.79851 0.19153 ( 2)  1.135 +-  0.398
 237 I   0.26386 0.66908 0.06706 ( 2)  0.835 +-  0.418
 238 L   0.31475 0.64025 0.04500 ( 2)  0.779 +-  0.407
 239 L   0.00346 0.65144 0.34510 ( 2)  1.434 +-  0.933
 240 I   0.01839 0.75095 0.23066 ( 2)  1.217 +-  0.626
 241 S   0.07256 0.82635 0.10110 ( 2)  1.008 +-  0.325
 242 G   0.01553 0.75364 0.23083 ( 2)  1.206 +-  0.591
 243 I   0.03176 0.76714 0.20110 ( 2)  1.166 +-  0.590
 244 L   0.27445 0.63950 0.08605 ( 2)  0.844 +-  0.463
 245 L   0.61837 0.35475 0.02687 ( 1)  0.521 +-  0.428
 246 Y   0.25539 0.67527 0.06933 ( 2)  0.840 +-  0.407
 247 T   0.00438 0.73158 0.26404 ( 2)  1.245 +-  0.602
 248 S   0.00662 0.75949 0.23389 ( 2)  1.198 +-  0.528
 249 -   0.56016 0.40708 0.03276 ( 1)  0.572 +-  0.442
 250 -   0.58207 0.38881 0.02912 ( 1)  0.552 +-  0.436
 251 -   0.54751 0.41644 0.03605 ( 1)  0.586 +-  0.453
 252 -   0.91791 0.07856 0.00353 ( 1)  0.260 +-  0.236
 253 -   0.42313 0.52377 0.05310 ( 2)  0.696 +-  0.454
 254 -   0.84178 0.15004 0.00818 ( 1)  0.325 +-  0.312
 255 -   0.04376 0.77882 0.17743 ( 2)  1.113 +-  0.484
 256 -   0.88804 0.10714 0.00482 ( 1)  0.286 +-  0.269
 257 -   0.21404 0.70042 0.08554 ( 2)  0.888 +-  0.417
 258 S   0.13193 0.77224 0.09583 ( 2)  0.961 +-  0.378
 259 P   0.55752 0.41033 0.03215 ( 1)  0.573 +-  0.437
 260 D   0.98734 0.01229 0.00038 ( 1)  0.202 +-  0.105
 261 I   0.20474 0.72426 0.07100 ( 2)  0.884 +-  0.385
 262 L   0.61632 0.36073 0.02294 ( 1)  0.519 +-  0.418
 263 A   0.03278 0.81416 0.15307 ( 2)  1.085 +-  0.377
 264 K   0.01519 0.77115 0.21367 ( 2)  1.168 +-  0.483
 265 Q   0.62138 0.36109 0.01752 ( 1)  0.513 +-  0.411
 266 R   0.06526 0.82789 0.10686 ( 2)  1.015 +-  0.306
 267 G   0.06348 0.75965 0.17687 ( 2)  1.113 +-  0.550
 268 Q   0.23430 0.69314 0.07256 ( 2)  0.860 +-  0.402
 269 L   0.39115 0.56767 0.04118 ( 2)  0.714 +-  0.426
 270 L   0.23492 0.70491 0.06017 ( 2)  0.853 +-  0.392
 271 W   0.00144 0.60325 0.39531 ( 2)  1.463 +-  0.865
 272 I   0.13834 0.78162 0.08003 ( 2)  0.938 +-  0.335
 273 F   0.10083 0.72363 0.17553 ( 2)  1.077 +-  0.549
 274 P   0.96058 0.03803 0.00139 ( 1)  0.224 +-  0.169
 275 D   0.01680 0.78288 0.20031 ( 2)  1.152 +-  0.471
 276 -   0.30597 0.59653 0.09750 ( 2)  0.836 +-  0.529
 277 -   0.42308 0.52484 0.05208 ( 2)  0.695 +-  0.451
 278 -   0.05789 0.72314 0.21897 ( 2)  1.165 +-  0.612
 279 -   0.90072 0.09479 0.00449 ( 1)  0.275 +-  0.256
 280 -   0.02799 0.75337 0.21864 ( 2)  1.173 +-  0.540
 281 -   0.22153 0.70155 0.07692 ( 2)  0.873 +-  0.401
 282 -   0.19651 0.71644 0.08705 ( 2)  0.901 +-  0.402
 283 -   0.50892 0.45432 0.03676 ( 1)  0.615 +-  0.443
 284 -   0.89570 0.09988 0.00442 ( 1)  0.279 +-  0.261
 285 -   0.02460 0.72940 0.24600 ( 2)  1.226 +-  0.643
 286 -   0.65416 0.32438 0.02145 ( 1)  0.488 +-  0.414
 287 -   0.00585 0.66791 0.32624 ( 2)  1.362 +-  0.785
 288 -   0.00780 0.73227 0.25993 ( 2)  1.231 +-  0.566
 289 -   0.54849 0.41144 0.04007 ( 1)  0.589 +-  0.465
 290 -   0.02873 0.74005 0.23121 ( 2)  1.203 +-  0.620
 291 -   0.58818 0.38434 0.02748 ( 1)  0.545 +-  0.430
 292 -   0.83345 0.15758 0.00897 ( 1)  0.332 +-  0.320
 293 -   0.14774 0.73926 0.11300 ( 2)  0.961 +-  0.410
 294 -   0.44980 0.49913 0.05107 ( 2)  0.675 +-  0.468
 295 -   0.44578 0.50407 0.05015 ( 2)  0.677 +-  0.459
 296 -   0.85133 0.14058 0.00809 ( 1)  0.317 +-  0.306
 297 -   0.91791 0.07856 0.00353 ( 1)  0.260 +-  0.236
 298 -   0.22256 0.69815 0.07929 ( 2)  0.875 +-  0.410
 299 -   0.38092 0.55334 0.06573 ( 2)  0.741 +-  0.469
 300 -   0.18656 0.70748 0.10596 ( 2)  0.931 +-  0.452
 301 -   0.57263 0.40047 0.02690 ( 1)  0.557 +-  0.427
 302 -   0.68086 0.30063 0.01850 ( 1)  0.464 +-  0.402
 303 -   0.05193 0.78740 0.16068 ( 2)  1.082 +-  0.423
 304 -   0.03673 0.77326 0.19001 ( 2)  1.125 +-  0.462
 305 -   0.28833 0.64649 0.06518 ( 2)  0.815 +-  0.431
 306 -   0.93709 0.06051 0.00241 ( 1)  0.244 +-  0.209
 307 -   0.85226 0.14025 0.00749 ( 1)  0.316 +-  0.304
 308 -   0.44693 0.50582 0.04725 ( 2)  0.672 +-  0.449
 309 -   0.26981 0.66064 0.06955 ( 2)  0.832 +-  0.427
 310 -   0.90070 0.09414 0.00517 ( 1)  0.275 +-  0.259
 311 -   0.79787 0.18977 0.01236 ( 1)  0.363 +-  0.347
 312 -   0.83004 0.16047 0.00949 ( 1)  0.336 +-  0.323
 313 -   0.46258 0.48686 0.05056 ( 2)  0.664 +-  0.466
 314 -   0.05001 0.78812 0.16188 ( 2)  1.084 +-  0.424
 315 -   0.79086 0.19662 0.01252 ( 1)  0.369 +-  0.350
 316 -   0.84342 0.14863 0.00795 ( 1)  0.324 +-  0.311
 317 -   0.80030 0.18774 0.01196 ( 1)  0.361 +-  0.345
 318 -   0.79787 0.18977 0.01236 ( 1)  0.363 +-  0.347
 319 -   0.93331 0.06454 0.00215 ( 1)  0.247 +-  0.213
 320 -   0.82196 0.16830 0.00973 ( 1)  0.342 +-  0.328
 321 -   0.71689 0.26175 0.02137 ( 1)  0.435 +-  0.396
 322 -   0.80479 0.18369 0.01153 ( 1)  0.357 +-  0.342
 323 -   0.90883 0.08691 0.00426 ( 1)  0.268 +-  0.248
 324 -   0.93331 0.06454 0.00215 ( 1)  0.247 +-  0.213
 325 -   0.49770 0.46524 0.03706 ( 1)  0.624 +-  0.439
 326 -   0.18943 0.70240 0.10817 ( 2)  0.935 +-  0.480
 327 -   0.80163 0.18588 0.01248 ( 1)  0.361 +-  0.346
 328 -   0.13597 0.73852 0.12551 ( 2)  0.988 +-  0.453
 329 -   0.12972 0.73681 0.13348 ( 2)  1.002 +-  0.468
 330 -   0.12003 0.74503 0.13494 ( 2)  1.006 +-  0.440
 331 -   0.91408 0.08263 0.00329 ( 1)  0.263 +-  0.239
 332 -   0.89345 0.10164 0.00491 ( 1)  0.281 +-  0.265
 333 -   0.07639 0.75422 0.16939 ( 2)  1.075 +-  0.468
 334 -   0.13214 0.74939 0.11848 ( 2)  0.977 +-  0.404
 335 -   0.20859 0.70788 0.08353 ( 2)  0.889 +-  0.405
 336 -   0.87911 0.11521 0.00569 ( 1)  0.293 +-  0.279
 337 -   0.79866 0.18959 0.01175 ( 1)  0.362 +-  0.345
 338 -   0.19642 0.71618 0.08740 ( 2)  0.901 +-  0.400
 339 -   0.83171 0.15877 0.00952 ( 1)  0.334 +-  0.323
 340 -   0.39402 0.55011 0.05586 ( 2)  0.720 +-  0.446
 341 -   0.86319 0.13022 0.00659 ( 1)  0.307 +-  0.294
 342 -   0.93883 0.05861 0.00256 ( 1)  0.243 +-  0.207
 343 -   0.89416 0.10075 0.00508 ( 1)  0.281 +-  0.265
 344 -   0.81641 0.17271 0.01088 ( 1)  0.347 +-  0.334
 345 -   0.84717 0.14527 0.00756 ( 1)  0.320 +-  0.307
 346 -   0.81641 0.17271 0.01088 ( 1)  0.347 +-  0.334
 347 -   0.87887 0.11560 0.00553 ( 1)  0.293 +-  0.279
 348 -   0.02886 0.74944 0.22170 ( 2)  1.170 +-  0.521
 349 -   0.15553 0.72871 0.11577 ( 2)  0.965 +-  0.460
 350 -   0.20923 0.67638 0.11440 ( 2)  0.937 +-  0.548
 351 -   0.41186 0.53665 0.05149 ( 2)  0.703 +-  0.444
 352 -   0.17752 0.71592 0.10656 ( 2)  0.933 +-  0.428
 353 -   0.14972 0.71320 0.13708 ( 2)  0.993 +-  0.496
 354 -   0.15629 0.72716 0.11656 ( 2)  0.958 +-  0.424
 355 -   0.30477 0.59803 0.09720 ( 2)  0.833 +-  0.514
 356 -   0.44726 0.50454 0.04820 ( 2)  0.673 +-  0.452
 357 -   0.11328 0.73716 0.14956 ( 2)  1.034 +-  0.501
 358 -   0.47347 0.48536 0.04117 ( 2)  0.646 +-  0.442
 359 -   0.93709 0.06051 0.00241 ( 1)  0.244 +-  0.209
 360 -   0.56107 0.41083 0.02810 ( 1)  0.567 +-  0.429
 361 -   0.44771 0.50600 0.04629 ( 2)  0.671 +-  0.446
 362 -   0.21553 0.70134 0.08313 ( 2)  0.884 +-  0.412
 363 -   0.61237 0.36283 0.02479 ( 1)  0.524 +-  0.424
 364 -   0.83142 0.15891 0.00967 ( 1)  0.335 +-  0.323
 365 -   0.82229 0.16756 0.01015 ( 1)  0.342 +-  0.329
 366 -   0.92104 0.07536 0.00361 ( 1)  0.258 +-  0.233
 367 -   0.24569 0.63918 0.11512 ( 2)  0.896 +-  0.515
 368 -   0.18526 0.71929 0.09545 ( 2)  0.919 +-  0.420
 369 -   0.49690 0.46191 0.04119 ( 1)  0.629 +-  0.452
 370 -   0.65177 0.32606 0.02217 ( 1)  0.490 +-  0.415
 371 -   0.36473 0.57084 0.06443 ( 2)  0.751 +-  0.456
 372 -   0.05927 0.76456 0.17617 ( 2)  1.097 +-  0.477
 373 -   0.02431 0.74450 0.23119 ( 2)  1.193 +-  0.567
 374 -   0.89372 0.10137 0.00491 ( 1)  0.281 +-  0.264
 375 -   0.36950 0.56607 0.06443 ( 2)  0.747 +-  0.457
 376 -   0.49690 0.46477 0.03832 ( 1)  0.626 +-  0.443
 377 -   0.38943 0.54957 0.06099 ( 2)  0.728 +-  0.456
 378 -   0.19066 0.71302 0.09632 ( 2)  0.914 +-  0.416
 379 -   0.87461 0.11898 0.00641 ( 1)  0.297 +-  0.285
 380 -   0.78180 0.20247 0.01573 ( 1)  0.379 +-  0.365
 381 -   0.87998 0.11487 0.00515 ( 1)  0.292 +-  0.277
 382 S   0.93175 0.06535 0.00290 ( 1)  0.249 +-  0.217
 383 A   0.87514 0.12029 0.00456 ( 1)  0.297 +-  0.280
 384 G   0.79610 0.19603 0.00787 ( 1)  0.363 +-  0.339
 385 N   0.73662 0.25467 0.00871 ( 1)  0.414 +-  0.368
 386 C   0.84849 0.14603 0.00548 ( 1)  0.319 +-  0.303
 387 V   0.05559 0.83237 0.11205 ( 2)  1.026 +-  0.302
 388 P   0.08935 0.77843 0.13222 ( 2)  1.026 +-  0.410
 389 Q   0.63932 0.34199 0.01870 ( 1)  0.498 +-  0.408
 390 S   0.06326 0.77877 0.15797 ( 2)  1.068 +-  0.415
 391 F   0.96863 0.03003 0.00135 ( 1)  0.218 +-  0.155

Positively selected sites

	Prob(w>1)  mean w

   144 H      0.567         1.765 +- 1.098
   152 -      0.527         1.700 +- 1.048

