

TREE # 1

  0  0.0000   5944.018179  x:  1.42324   0.52564   0.06066   0.33631   0.00000   0.50051   0.25820   0.18006   0.06758   0.14245   0.14599   3.00000   1.65708   0.28664   0.23199   2.83522  
  1 99.0000   5910.861664  x:  1.47563   0.58068   0.15793   0.38124   0.25814   0.60379   0.33216   0.21592   0.03962   0.16735   0.12763   2.97762   1.65391   0.30362   0.32148   2.81322  
  2 400.0826   5895.460864  x:  1.56365   0.61847   0.20250   0.40755   0.24308   0.71554   0.37584   0.28011   0.10481   0.20173   0.21802   2.94237   1.65484   0.32052   0.38906   2.78489  
  3 192.3126   5871.835600  x:  1.79728   0.70348   0.27422   0.47128   0.11613   0.94813   0.44095   0.28775   0.01488   0.23451   0.18939   2.84593   1.65840   0.35547   0.46519   2.71983  
  4 195.8439   5860.011891  x:  2.01634   0.74640   0.29196   0.53083   0.09878   1.07146   0.45244   0.29393   0.08444   0.21564   0.11799   2.74095   1.66062   0.37776   0.34758   2.66933  
  5 130.3961   5854.649117  x:  2.15390   0.75566   0.27666   0.55569   0.11780   1.09839   0.43017   0.27436   0.06158   0.21115   0.16606   2.66839   1.65233   0.39723   0.27695   2.63745  
  6 127.8555   5842.068429  x:  2.58365   0.73420   0.14748   0.58996   0.17589   1.04195   0.29566   0.25495   0.07362   0.17245   0.18168   2.42568   1.58631   0.49008   0.31836   2.53222  
  7 122.2451   5837.986099  x:  2.74834   0.72601   0.09917   0.56848   0.19021   0.97309   0.30762   0.29503   0.06199   0.25286   0.16681   2.32095   1.54952   0.53878   0.30600   2.48044  
  8 104.6746   5834.428728  x:  2.88863   0.74829   0.10975   0.50538   0.18683   0.86550   0.40669   0.30740   0.05696   0.21738   0.17341   2.21699   1.49359   0.61020   0.29605   2.41132  
  9 63.8369   5833.699826  x:  2.90298   0.76116   0.14335   0.48189   0.18372   0.84900   0.39550   0.27916   0.06985   0.23406   0.17289   2.19791   1.45770   0.65798   0.29142   2.37030  
 10 20.8795   5832.116049  x:  2.90156   0.74856   0.18906   0.44157   0.17725   0.85221   0.35299   0.31612   0.05872   0.22283   0.16633   2.16807   1.34079   0.81963   0.25794   2.23358  
 11 29.7256   5829.414164  x:  2.88146   0.66514   0.18383   0.43716   0.17215   0.88428   0.37013   0.29413   0.06583   0.22302   0.16108   2.13149   1.13148   1.12382   0.21365   1.97444  
 12 69.8573   5828.902510  x:  2.87620   0.67677   0.19006   0.49097   0.16383   0.85971   0.37046   0.29895   0.06487   0.22405   0.16145   2.13610   1.10552   1.19046   0.20552   1.90423  
 13 20.8006   5827.969479  x:  2.88742   0.76005   0.11845   0.46466   0.17127   0.85079   0.36522   0.29474   0.06671   0.22136   0.16046   2.21815   1.21913   1.30271   0.19485   1.67088  
 14  7.1555   5826.962061  x:  2.88460   0.65867   0.17437   0.46204   0.16266   0.82856   0.35684   0.29159   0.06239   0.21810   0.15873   2.20306   1.45231   1.36961   0.19545   1.40524  
 15  7.8170   5826.318962  x:  2.80315   0.69200   0.14766   0.46855   0.15446   0.84746   0.35272   0.28784   0.05992   0.21680   0.15962   2.05518   1.56158   1.39624   0.19775   1.30674  
 16  4.5281   5822.592553  x:  2.96631   0.71519   0.16543   0.51340   0.06463   0.93863   0.38867   0.28119   0.03315   0.21966   0.17199   2.18505   1.60650   1.50642   0.18777   1.41368  
 17  0.6274   5821.640284  x:  3.07353   0.74087   0.12985   0.51380   0.03906   0.91981   0.38598   0.27620   0.04353   0.21876   0.17781   2.15385   1.82133   1.83206   0.19749   1.58863  
 18  0.4139   5821.426698  x:  3.13475   0.76154   0.10055   0.51080   0.05023   0.90168   0.38097   0.28057   0.04859   0.21863   0.17765   2.16704   1.96249   2.00161   0.19225   1.74408  
 19  0.2386   5821.310910  x:  3.18425   0.75942   0.11141   0.50884   0.04282   0.90138   0.37913   0.28324   0.04692   0.21871   0.17670   2.17444   2.24308   2.37035   0.18434   2.04721  
 20  0.3490   5821.237967  x:  3.18070   0.75936   0.11210   0.51429   0.04421   0.90994   0.38191   0.28011   0.04677   0.21855   0.17696   2.18724   2.43088   2.51772   0.18803   2.23029  
 21  0.2418   5821.213651  x:  3.16521   0.75656   0.11198   0.51356   0.04702   0.91116   0.38212   0.27917   0.04650   0.21795   0.17736   2.17611   2.55589   2.69301   0.18493   2.34650  
 22  0.2837   5821.204432  x:  3.13882   0.75694   0.11132   0.51267   0.04672   0.90976   0.38207   0.28049   0.04664   0.21803   0.17713   2.16696   2.61875   2.75151   0.18393   2.34529  
 23  0.0640   5821.200829  x:  3.12916   0.75747   0.11032   0.51197   0.04600   0.90697   0.38159   0.28029   0.04685   0.21811   0.17719   2.16989   2.67791   2.81244   0.18492   2.36488  
 24  0.0644   5821.200039  x:  3.12574   0.75527   0.11126   0.51179   0.04612   0.90626   0.38116   0.27949   0.04679   0.21795   0.17698   2.17074   2.68193   2.81611   0.18455   2.34602  
 25  0.0144   5821.199399  x:  3.12728   0.75545   0.11142   0.51179   0.04631   0.90668   0.38134   0.27998   0.04666   0.21780   0.17697   2.17098   2.68406   2.81848   0.18464   2.32285  
 26  0.0073   5821.199300  x:  3.12867   0.75586   0.11088   0.51193   0.04629   0.90671   0.38128   0.27979   0.04670   0.21802   0.17697   2.17009   2.68961   2.82320   0.18472   2.32189  
 27  0.0060   5821.199291  x:  3.12910   0.75573   0.11104   0.51188   0.04633   0.90669   0.38125   0.27980   0.04670   0.21799   0.17697   2.17005   2.69312   2.82675   0.18470   2.32442  
 28  0.0043   5821.199291  x:  3.12913   0.75573   0.11102   0.51189   0.04632   0.90670   0.38126   0.27981   0.04669   0.21799   0.17697   2.17007   2.69340   2.82705   0.18469   2.32454  
 29  0.0005   5821.199291  x:  3.12913   0.75573   0.11102   0.51189   0.04632   0.90670   0.38126   0.27981   0.04669   0.21799   0.17697   2.17007   2.69341   2.82707   0.18469   2.32453  
 30  0.0000   5821.199291  x:  3.12913   0.75573   0.11102   0.51189   0.04632   0.90670   0.38126   0.27981   0.04669   0.21799   0.17697   2.17007   2.69341   2.82707   0.18469   2.32454  