

TREE # 1

  0  0.0000   5918.730012  x:  1.51345   0.57496   0.06278   0.37574   0.00000   0.53069   0.27270   0.19826   0.08193   0.15156   0.17056   3.00000   1.22136   0.14983   0.23642   2.29309  
  1 99.0000   5893.927016  x:  1.55856   0.62115   0.14121   0.41462   0.19179   0.62643   0.34040   0.23383   0.04918   0.18753   0.15516   2.96911   1.20546   0.16778   0.25591   2.29211  
  2 322.2834   5875.578944  x:  1.71476   0.66987   0.20187   0.44795   0.11322   0.82333   0.39723   0.31542   0.07479   0.22484   0.21263   2.87103   1.15155   0.22945   0.33339   2.28824  
  3 134.7511   5862.883908  x:  1.85913   0.70179   0.23168   0.47970   0.04237   0.95493   0.41701   0.30609   0.00000   0.23151   0.17141   2.77615   1.10669   0.28218   0.30100   2.28472  
  4 209.8262   5855.931805  x:  1.97254   0.71875   0.24135   0.50656   0.01806   1.02847   0.42311   0.29043   0.03373   0.22783   0.14063   2.69778   1.07199   0.32383   0.22955   2.28159  
  5 248.3890   5844.353421  x:  2.24504   0.71126   0.17922   0.55084   0.05672   1.04671   0.35734   0.20148   0.05546   0.17186   0.16023   2.49819   0.96114   0.45395   0.24576   2.27257  
  6 114.5052   5833.473308  x:  2.54113   0.69039   0.08578   0.57102   0.10042   0.98485   0.27683   0.26841   0.03143   0.20320   0.19036   2.26963   0.83584   0.60450   0.19933   2.26047  
  7 204.7632   5829.568763  x:  2.65602   0.70208   0.07784   0.54610   0.09889   0.91064   0.31161   0.28451   0.04255   0.22373   0.14061   2.17723   0.78015   0.67518   0.21835   2.25328  
  8 101.7859   5826.882583  x:  2.74287   0.72921   0.10086   0.50753   0.09352   0.83493   0.37472   0.27351   0.03332   0.22657   0.17230   2.10653   0.73814   0.73302   0.19749   2.24525  
  9 94.9528   5826.750278  x:  2.74704   0.73183   0.10818   0.49809   0.09425   0.83279   0.37191   0.28079   0.03263   0.21226   0.17110   2.10650   0.73526   0.74205   0.19569   2.24193  
 10 12.6235   5826.613465  x:  2.75068   0.72862   0.11951   0.47463   0.09620   0.83736   0.36046   0.27693   0.03387   0.21800   0.17075   2.11707   0.73065   0.76944   0.19305   2.22955  
 11  7.8070   5826.403060  x:  2.75377   0.70237   0.11676   0.46457   0.09753   0.84662   0.37291   0.27723   0.03268   0.21431   0.17101   2.14740   0.72587   0.83696   0.18591   2.19531  
 12  9.1947   5826.072662  x:  2.75781   0.69130   0.14112   0.49605   0.08945   0.83920   0.36941   0.27717   0.03279   0.21631   0.17188   2.19926   0.72947   0.95855   0.17799   2.12672  
 13 17.3393   5825.131721  x:  2.78257   0.80473   0.06573   0.49505   0.08543   0.85984   0.37435   0.27641   0.03345   0.21627   0.17322   2.23215   0.97072   1.26547   0.17186   1.82106  
 14  6.4991   5822.323502  x:  2.91393   0.73891   0.11700   0.50037   0.06499   0.87608   0.37696   0.27607   0.03468   0.21665   0.17718   2.16013   1.77164   1.91648   0.18125   1.00000  
 15 22.6656   5822.253514  x:  2.88537   0.73628   0.11935   0.50309   0.06050   0.88505   0.37558   0.27539   0.03563   0.21642   0.17694   2.11565   1.78397   1.96160   0.18002   1.00000  
 16  0.5676   5821.840898  x:  3.04596   0.74252   0.11327   0.50739   0.04206   0.89722   0.37819   0.28004   0.04335   0.21872   0.17588   2.14202   1.96257   2.13499   0.18248   1.00000  
 17  0.8967   5821.781602  x:  3.09145   0.74478   0.10464   0.50637   0.04792   0.89307   0.37405   0.27846   0.04531   0.21725   0.17498   2.13606   2.11315   2.29451   0.17682   1.00000  
 18  0.1623   5821.728095  x:  3.10075   0.74961   0.10957   0.50897   0.04603   0.89592   0.37439   0.27670   0.04979   0.21724   0.17570   2.14325   2.69412   2.88729   0.17840   1.00000  
 19  0.1400   5821.675283  x:  3.06197   0.74082   0.10989   0.50768   0.04882   0.89464   0.37832   0.27816   0.04612   0.21802   0.17409   2.13582   3.36872   3.54263   0.17880   1.00000  
 20  0.3030   5821.649279  x:  3.07119   0.74505   0.10774   0.50606   0.04718   0.89357   0.37335   0.27854   0.04583   0.21739   0.17652   2.13903   4.14403   4.33185   0.17948   1.00000  
 21  0.4268   5821.640089  x:  3.07089   0.74583   0.10700   0.50798   0.04620   0.89355   0.37567   0.27781   0.04538   0.21762   0.17520   2.13963   4.85205   5.03168   0.17873   1.00000  
 22  0.4291   5821.635460  x:  3.06720   0.74373   0.10702   0.50695   0.04777   0.89222   0.37507   0.27768   0.04600   0.21730   0.17567   2.13739   5.59181   5.77002   0.18002   1.00000  
 23  0.5283   5821.633047  x:  3.06863   0.74491   0.10817   0.50682   0.04685   0.89377   0.37464   0.27787   0.04617   0.21736   0.17564   2.13918   6.37271   6.55816   0.17894   1.00000  
 24  0.5413   5821.631883  x:  3.06918   0.74427   0.10750   0.50732   0.04724   0.89315   0.37535   0.27807   0.04593   0.21764   0.17553   2.13815   7.31236   7.49183   0.17946   1.00000  
 25  0.5202   5821.631424  x:  3.06981   0.74471   0.10790   0.50697   0.04716   0.89356   0.37482   0.27797   0.04593   0.21742   0.17570   2.13878   8.23669   8.42025   0.17922   1.00000  
 26  0.5071   5821.631256  x:  3.07029   0.74451   0.10764   0.50724   0.04718   0.89347   0.37519   0.27797   0.04589   0.21754   0.17560   2.13842   9.02702   9.20798   0.17938   1.00000  
 27  0.4544   5821.631174  x:  3.06978   0.74462   0.10782   0.50704   0.04718   0.89349   0.37495   0.27797   0.04593   0.21746   0.17566   2.13867  10.04481  10.22752   0.17927   1.00000  
 28  0.4868   5821.631142  x:  3.06967   0.74453   0.10769   0.50716   0.04716   0.89341   0.37508   0.27797   0.04594   0.21751   0.17561   2.13848  10.82602  11.00755   0.17934   1.00000  
 29  0.4901   5821.631130  x:  3.06938   0.74458   0.10774   0.50707   0.04716   0.89339   0.37499   0.27796   0.04595   0.21747   0.17563   2.13859  11.80111  11.98330   0.17929   1.00000  
 30  0.4864   5821.631125  x:  3.06949   0.74454   0.10769   0.50713   0.04715   0.89339   0.37505   0.27796   0.04595   0.21749   0.17562   2.13851  12.51532  12.69705   0.17932   1.00000  
 31  0.4287   5821.631123  x:  3.06957   0.74457   0.10773   0.50709   0.04716   0.89341   0.37502   0.27796   0.04594   0.21748   0.17563   2.13857  13.19577  13.37781   0.17930   1.00000  
 32  0.3588   5821.631122  x:  3.06972   0.74456   0.10772   0.50712   0.04717   0.89344   0.37505   0.27797   0.04593   0.21750   0.17563   2.13854  14.56202  14.74389   0.17932   1.00000  
 33  0.6147   5821.631121  x:  3.06961   0.74456   0.10773   0.50711   0.04716   0.89342   0.37503   0.27797   0.04594   0.21749   0.17563   2.13856  14.94371  15.12567   0.17931   1.00000  
 34  0.2449   5821.631121  x:  3.06953   0.74456   0.10772   0.50711   0.04716   0.89341   0.37503   0.27796   0.04594   0.21749   0.17562   2.13855  16.42255  16.60448   0.17931   1.00000  
 35  0.7159   5821.631121  x:  3.06958   0.74456   0.10772   0.50711   0.04716   0.89341   0.37503   0.27796   0.04594   0.21749   0.17563   2.13855  16.10118  16.28310   0.17931   1.00000  
 36  0.6113   5821.631121  x:  3.06962   0.74456   0.10772   0.50711   0.04716   0.89342   0.37504   0.27797   0.04594   0.21749   0.17563   2.13854  16.38715  16.56905   0.17931   1.00000  
 37  0.3451   5821.631121  x:  3.06959   0.74456   0.10772   0.50711   0.04716   0.89342   0.37503   0.27797   0.04594   0.21749   0.17563   2.13855  17.23356  17.41549   0.17931   1.00000  
 38  0.3274   5821.631121  x:  3.06960   0.74456   0.10772   0.50711   0.04716   0.89342   0.37504   0.27797   0.04594   0.21749   0.17563   2.13854  17.62749  17.80940   0.17931   1.00000  
 39  0.3017   5821.631121  x:  3.06960   0.74456   0.10772   0.50711   0.04716   0.89342   0.37504   0.27797   0.04594   0.21749   0.17563   2.13854  17.63036  17.81227   0.17931   1.00000  
 40 58.5975   5821.631121  x:  3.06961   0.74456   0.10772   0.50711   0.04716   0.89342   0.37504   0.27797   0.04594   0.21749   0.17563   2.13855  17.61889  17.80080   0.17931   1.00000  
 41  0.0041   5821.631121  x:  3.06960   0.74456   0.10772   0.50711   0.04716   0.89342   0.37504   0.27797   0.04594   0.21749   0.17563   2.13855  17.61887  17.80079   0.17931   1.00000  
 42  0.0000   5821.631121  x:  3.06960   0.74456   0.10772   0.50711   0.04716   0.89342   0.37504   0.27797   0.04594   0.21749   0.17563   2.13855  17.61889  17.80080   0.17931   1.00000  
 43  0.0000   5821.631121  x:  3.06960   0.74456   0.10772   0.50711   0.04716   0.89342   0.37504   0.27797   0.04594   0.21749   0.17563   2.13855  17.61890  17.80081   0.17931   1.00000  
 44  0.0000   5821.631121  x:  3.06960   0.74456   0.10772   0.50711   0.04716   0.89342   0.37504   0.27797   0.04594   0.21749   0.17563   2.13855  17.61889  17.80081   0.17931   1.00000  