

TREE # 1

  0  0.0000   5900.857581  x:  1.68646   0.63975   0.04854   0.40577   0.00000   0.58605   0.29691   0.21771   0.07051   0.14476   0.16687   3.00000   1.42969   0.17063   0.27793   3.44681  
  1 99.0000   5882.709173  x:  1.72265   0.67357   0.11820   0.43770   0.15456   0.66129   0.34953   0.24442   0.04697   0.19759   0.15810   2.96918   1.41387   0.18744   0.28497   3.44661  
  2 260.9326   5866.164854  x:  1.88668   0.70924   0.19410   0.47388   0.06168   0.87662   0.40626   0.32178   0.04034   0.23771   0.22073   2.83856   1.33768   0.26657   0.33973   3.44603  
  3 110.2278   5859.195917  x:  1.96198   0.71710   0.21016   0.49112   0.02953   0.94401   0.41429   0.31276   0.00000   0.23733   0.19329   2.77565   1.30333   0.30230   0.30944   3.44575  
  4 184.7178   5852.669147  x:  2.07523   0.72253   0.22087   0.51717   0.00588   1.02084   0.41935   0.29411   0.03512   0.22981   0.15440   2.67809   1.24911   0.35822   0.24078   3.44540  
  5 287.9218   5844.335309  x:  2.26326   0.70781   0.18429   0.54610   0.02978   1.05444   0.38235   0.23079   0.05610   0.18470   0.13069   2.51130   1.13976   0.47076   0.27271   3.44474  
  6 141.1315   5833.670638  x:  2.53997   0.67627   0.10265   0.56948   0.07911   1.02806   0.30650   0.22616   0.03420   0.18197   0.21123   2.25643   0.97577   0.64145   0.21804   3.44325  
  7 235.6557   5827.897443  x:  2.70074   0.67731   0.07004   0.55379   0.08354   0.95011   0.29436   0.29464   0.03076   0.22132   0.16825   2.10737   0.87152   0.75068   0.21614   3.44204  
  8 153.8011   5824.295395  x:  2.81291   0.72445   0.10514   0.51071   0.07147   0.84918   0.36738   0.28057   0.02658   0.21970   0.18205   2.01100   0.79522   0.83222   0.20394   3.44063  
  9 79.2128   5824.181511  x:  2.82562   0.72642   0.10462   0.49557   0.07528   0.85229   0.36734   0.28698   0.02561   0.20863   0.18159   2.02971   0.78657   0.84455   0.20045   3.43946  
 10  6.5185   5824.016701  x:  2.85041   0.72804   0.10108   0.47438   0.07701   0.85711   0.36563   0.28101   0.02623   0.21817   0.18142   2.07072   0.77010   0.86895   0.19714   3.43694  
 11 16.5559   5823.824589  x:  2.88955   0.73379   0.10108   0.49981   0.07388   0.84862   0.36889   0.28327   0.02552   0.21776   0.18228   2.13800   0.74944   0.90533   0.19275   3.43190  
 12  9.8671   5823.803732  x:  2.90072   0.73070   0.09559   0.50008   0.07405   0.84896   0.37587   0.28370   0.02527   0.21777   0.18221   2.14154   0.76102   0.90668   0.19299   3.42771  
 13  1.1491   5823.658054  x:  2.98410   0.73845   0.09846   0.49745   0.07212   0.84498   0.37201   0.28484   0.02662   0.21906   0.18223   2.16055   0.85604   0.91653   0.19593   3.39369  
 14  6.2210   5822.835214  x:  3.04227   0.77806   0.09212   0.51026   0.04353   0.90503   0.38152   0.28598   0.02906   0.22087   0.17995   2.15477   1.20327   1.33053   0.18091   3.14706  
 15  2.2423   5822.759593  x:  3.04966   0.74115   0.11863   0.50955   0.03997   0.90572   0.38203   0.28608   0.02934   0.22029   0.17963   2.15463   1.23941   1.37703   0.17951   3.12023  
 16  4.7919   5822.097347  x:  3.18883   0.75309   0.10070   0.50564   0.04157   0.90708   0.37617   0.28011   0.04564   0.21556   0.17740   2.12527   2.42900   2.64587   0.18054   2.30928  
 17  0.6939   5821.824793  x:  3.14079   0.74142   0.10532   0.50857   0.05368   0.89258   0.37198   0.27603   0.04960   0.21763   0.17352   2.13593   3.16701   3.36246   0.17362   1.77523  
 18  0.6154   5821.705915  x:  3.04538   0.74644   0.11012   0.50964   0.04654   0.89318   0.37623   0.27708   0.04909   0.21862   0.17508   2.14369   3.65160   3.82588   0.18124   1.37194  
 19  0.4123   5821.660604  x:  3.05395   0.74398   0.10831   0.50530   0.04646   0.89197   0.37553   0.27774   0.04723   0.21693   0.17534   2.13621   4.05716   4.24680   0.17856   1.00000  
 20  0.3753   5821.650154  x:  3.07482   0.74432   0.10514   0.50668   0.04696   0.89223   0.37382   0.27781   0.04508   0.21701   0.17581   2.13786   4.48536   4.66554   0.17888   1.00000  
 21  0.2830   5821.638790  x:  3.06623   0.74503   0.10947   0.50805   0.04657   0.89485   0.37542   0.27793   0.04594   0.21749   0.17528   2.14007   5.52222   5.70368   0.18026   1.00000  
 22  0.3070   5821.634665  x:  3.07435   0.74434   0.10773   0.50698   0.04793   0.89354   0.37522   0.27808   0.04565   0.21772   0.17590   2.13813   6.19153   6.37293   0.17904   1.00000  
 23  0.4413   5821.632351  x:  3.06926   0.74487   0.10797   0.50712   0.04662   0.89404   0.37507   0.27818   0.04616   0.21756   0.17543   2.13847   7.37328   7.55686   0.17941   1.00000  
 24  0.4701   5821.631666  x:  3.06834   0.74431   0.10757   0.50707   0.04734   0.89297   0.37497   0.27792   0.04587   0.21744   0.17572   2.13859   8.02734   8.20865   0.17929   1.00000  
 25  0.4812   5821.631350  x:  3.07075   0.74489   0.10759   0.50715   0.04695   0.89363   0.37499   0.27786   0.04607   0.21746   0.17551   2.13853   9.03496   9.21704   0.17929   1.00000  
 26  0.4488   5821.631212  x:  3.06870   0.74436   0.10783   0.50709   0.04723   0.89328   0.37509   0.27800   0.04588   0.21747   0.17567   2.13860   9.84778  10.02966   0.17934   1.00000  
 27  0.5249   5821.631160  x:  3.07048   0.74470   0.10764   0.50712   0.04715   0.89355   0.37499   0.27795   0.04597   0.21752   0.17561   2.13848  10.74520  10.92712   0.17928   1.00000  
 28  0.4779   5821.631137  x:  3.06918   0.74447   0.10779   0.50711   0.04717   0.89338   0.37507   0.27799   0.04592   0.21748   0.17563   2.13859  11.60948  11.79144   0.17933   1.00000  
 29  0.4919   5821.631128  x:  3.06987   0.74461   0.10767   0.50711   0.04716   0.89344   0.37501   0.27795   0.04595   0.21749   0.17562   2.13852  12.43723  12.61911   0.17930   1.00000  
 30  0.4707   5821.631124  x:  3.06938   0.74452   0.10775   0.50711   0.04716   0.89340   0.37505   0.27797   0.04594   0.21748   0.17563   2.13857  13.32398  13.50592   0.17932   1.00000  
 31  0.4707   5821.631122  x:  3.06971   0.74458   0.10770   0.50711   0.04716   0.89343   0.37503   0.27796   0.04594   0.21749   0.17563   2.13854  13.97223  14.15413   0.17931   1.00000  
 32  0.4058   5821.631122  x:  3.06952   0.74454   0.10774   0.50711   0.04716   0.89341   0.37504   0.27797   0.04594   0.21749   0.17563   2.13856  14.62764  14.80957   0.17932   1.00000  
 33  0.3525   5821.631121  x:  3.06951   0.74454   0.10774   0.50711   0.04716   0.89341   0.37505   0.27797   0.04594   0.21749   0.17563   2.13856  17.24934  17.43127   0.17932   1.00000  
 34  1.0996   5821.631121  x:  3.06953   0.74454   0.10774   0.50711   0.04716   0.89341   0.37504   0.27797   0.04594   0.21749   0.17563   2.13855  16.59392  16.77585   0.17932   1.00000  
 35  3.6972   5821.631121  x:  3.06953   0.74454   0.10774   0.50711   0.04716   0.89341   0.37504   0.27797   0.04594   0.21749   0.17563   2.13855  16.59391  16.77584   0.17932   1.00000  
 36 24.6786   5821.631121  x:  3.06953   0.74454   0.10774   0.50711   0.04716   0.89341   0.37504   0.27797   0.04594   0.21749   0.17563   2.13855  16.59391  16.77584   0.17932   1.00000  
 37  0.0128   5821.631121  x:  3.06953   0.74454   0.10774   0.50711   0.04716   0.89341   0.37504   0.27797   0.04594   0.21749   0.17563   2.13855  16.59391  16.77584   0.17931   1.00000  
 38  0.0123   5821.631121  x:  3.06954   0.74454   0.10773   0.50711   0.04716   0.89342   0.37504   0.27796   0.04594   0.21749   0.17563   2.13855  16.59391  16.77584   0.17931   1.00000  
 39  0.0056   5821.631121  x:  3.06954   0.74454   0.10773   0.50711   0.04716   0.89342   0.37504   0.27796   0.04594   0.21749   0.17563   2.13855  16.59391  16.77584   0.17931   1.00000  
 40  0.0036   5821.631121  x:  3.06954   0.74455   0.10773   0.50711   0.04716   0.89342   0.37503   0.27796   0.04594   0.21749   0.17563   2.13855  16.59391  16.77584   0.17931   1.00000  
 41  0.0034   5821.631121  x:  3.06954   0.74455   0.10772   0.50711   0.04716   0.89342   0.37503   0.27797   0.04594   0.21749   0.17563   2.13855  16.59391  16.77583   0.17931   1.00000  
 42  0.0026   5821.631121  x:  3.06955   0.74456   0.10772   0.50711   0.04716   0.89342   0.37504   0.27797   0.04594   0.21749   0.17563   2.13854  16.59391  16.77583   0.17931   1.00000  
 43  0.0045   5821.631121  x:  3.06956   0.74456   0.10772   0.50711   0.04716   0.89342   0.37504   0.27796   0.04594   0.21749   0.17563   2.13854  16.59391  16.77583   0.17931   1.00000  
 44  0.0013   5821.631121  x:  3.06957   0.74456   0.10772   0.50711   0.04716   0.89342   0.37503   0.27797   0.04594   0.21749   0.17563   2.13854  16.59391  16.77583   0.17931   1.00000  
 45  0.0018   5821.631121  x:  3.06957   0.74456   0.10772   0.50711   0.04716   0.89341   0.37503   0.27797   0.04594   0.21749   0.17563   2.13854  16.59391  16.77583   0.17931   1.00000  
 46  0.0027   5821.631121  x:  3.06959   0.74456   0.10772   0.50711   0.04716   0.89342   0.37504   0.27797   0.04594   0.21749   0.17563   2.13854  16.59392  16.77583   0.17931   1.00000  
 47  0.0030   5821.631121  x:  3.06959   0.74456   0.10772   0.50711   0.04716   0.89342   0.37504   0.27797   0.04594   0.21749   0.17563   2.13854  16.59392  16.77583   0.17931   1.00000  
 48  0.0013   5821.631121  x:  3.06960   0.74456   0.10772   0.50711   0.04716   0.89342   0.37504   0.27797   0.04594   0.21749   0.17563   2.13854  16.59391  16.77583   0.17931   1.00000  
 49  0.0005   5821.631121  x:  3.06960   0.74456   0.10772   0.50711   0.04716   0.89342   0.37504   0.27797   0.04594   0.21749   0.17563   2.13855  16.59391  16.77583   0.17931   1.00000  
 50  0.0005   5821.631121  x:  3.06960   0.74456   0.10772   0.50711   0.04716   0.89342   0.37504   0.27797   0.04594   0.21749   0.17563   2.13855  16.59391  16.77583   0.17931   1.00000  