

TREE # 1

  0  0.0000  14873.501458  x:  1.65385   0.62407   0.05723   0.39841   0.00000   0.57240   0.29941   0.21192   0.07377   0.14782   0.16321   3.00000   0.69759   0.05224   0.00000   0.00000   0.00000  
  1 99.0000   6802.742741  x:  1.65431   0.62455   0.05439   0.38953   0.18988   0.57196   0.29541   0.21193   0.07310   0.14825   0.16320   3.73015   0.69759   0.05224  48.21823  31.32323  30.22473  
  2 549566126.1427   6750.723147  x:  1.76116   0.69570   0.34876   0.47186   0.16040   0.76640   0.43841   0.31978   0.15816   0.26328   0.21513   3.67305   0.65584   0.07109  48.22160  31.32151  30.22279  
  3 309.8489   6731.518710  x:  1.87094   0.70968   0.39863   0.51649   0.09377   0.88511   0.47702   0.28539   0.06306   0.24299   0.13753   3.61424   0.61285   0.08995  48.22644  31.31881  30.21972  
  4 169.5264   6717.936707  x:  2.02546   0.69602   0.36244   0.55558   0.01594   0.99244   0.47334   0.25626   0.08436   0.18782   0.17585   3.52768   0.54865   0.11799  48.23421  31.31425  30.21463  
  5 158.1593   6701.648086  x:  2.36683   0.66133   0.26608   0.63738   0.10625   1.19545   0.45356   0.22326   0.10571   0.12480   0.21328   3.32882   0.40168   0.18217  48.25199  31.30292  30.20227  
  6 309.0155   6687.787114  x:  2.67581   0.61985   0.14316   0.67450   0.11050   1.30443   0.39781   0.25849   0.10632   0.24356   0.20905   3.13776   0.26091   0.24321  48.27101  31.29058  30.18929  
  7 283.7664   6673.315868  x:  3.06624   0.64614   0.18075   0.60468   0.10072   1.17434   0.30028   0.38773   0.11809   0.19542   0.14432   2.84398   0.05305   0.33110  48.30744  31.26497  30.16483  
  8 105.0436   6655.914694  x:  3.54415   0.67972   0.26111   0.47770   0.10539   0.90716   0.33166   0.31731   0.06208   0.22473   0.21114   2.44726  -0.22153   0.44528  48.36145  31.22551  30.12907  
  9 207.9913   6653.348836  x:  3.61440   0.66628   0.26289   0.46569   0.10294   0.85446   0.37619   0.28912   0.10328   0.23016   0.17175   2.37472  -0.27236   0.46518  48.37465  31.21497  30.12071  
 10 104.0889   6652.602218  x:  3.61085   0.62673   0.25862   0.49025   0.09975   0.83213   0.40895   0.31115   0.09166   0.22162   0.17603   2.33557  -0.30360   0.47420  48.39095  31.20009  30.11111  
 11 21.9237   6651.425903  x:  3.55549   0.55041   0.29558   0.53872   0.09709   0.81871   0.37519   0.29146   0.09347   0.22473   0.17354   2.23889  -0.38744   0.49427  48.44450  31.15002  30.07993  
 12 21.3225   6649.550650  x:  3.40903   0.49999   0.30224   0.47242   0.09613   0.87456   0.37466   0.29280   0.09078   0.21963   0.17250   2.05195  -0.56927   0.53277  48.57176  31.02952  30.00630  
 13 26.8274   6647.854213  x:  3.26210   0.59218   0.26497   0.51547   0.09120   0.89310   0.37791   0.29262   0.09208   0.21932   0.17188   1.88985  -0.77103   0.56917  48.72451  30.88298  29.91844  
 14 35.6564   6639.488888  x:  3.15942   0.59705   0.26048   0.53691   0.07876   0.95139   0.40130   0.25881   0.08159   0.21533   0.16485   2.66584  -2.61089   0.59582  50.62012  28.98766  28.83988  
 15 10.8805   6565.861624  x:  5.61914   0.57453   0.13835   0.67758   0.00000   1.31424   0.47877   0.19244   0.00883   0.21572   0.13341   2.25740  -5.66239  -6.70918  73.40010   4.97400  17.39522  
 16 15.5139   6565.861624  x:  5.61914   0.57453   0.13835   0.67758   0.00000   1.31424   0.47877   0.19244   0.00883   0.21572   0.13341   2.25740  -5.66239  -6.70918  73.40010   4.97400  17.39522  
 17 125.5826   6546.841220  x:  5.61852   0.57728   0.14375   0.67378   0.04720   1.30756   0.47421   0.21493   0.09784   0.21523   0.15207   2.25942  -5.66203  -6.70884  73.40011   4.97387  17.39338  
 18 713.8302   6536.884297  x:  5.60915   0.60349   0.20112   0.61310   0.06350   1.20270   0.38107   0.34076   0.06629   0.20071   0.17996   2.29075  -5.65669  -6.70315  73.40022   4.97167  17.36688  
 19 100.8239   6529.148298  x:  5.59245   0.61013   0.24869   0.52003   0.08025   1.03537   0.28843   0.30121   0.07369   0.20886   0.13657   2.34234  -5.64708  -6.69302  73.40044   4.96778  17.31895  
 20 96.1060   6526.056875  x:  5.57860   0.59928   0.26386   0.46928   0.06700   0.92884   0.30207   0.27646   0.07568   0.21406   0.18379   2.37969  -5.63916  -6.68525  73.40062   4.96485  17.27828  
 21 92.1815   6524.150168  x:  5.56302   0.58419   0.27220   0.44812   0.08622   0.85085   0.35628   0.28461   0.06682   0.20243   0.16932   2.41604  -5.63027  -6.67699  73.40082   4.96178  17.23158  
 22 70.1297   6523.317025  x:  5.54521   0.56501   0.27045   0.46131   0.06105   0.82887   0.36303   0.29773   0.08017   0.20585   0.15575   2.45134  -5.61992  -6.66792  73.40106   4.95847  17.17644  
 23 29.9705   6518.762518  x:  5.40270   0.46577   0.29927   0.59543   0.08727   0.78061   0.34233   0.29391   0.06549   0.23671   0.16958   2.71539  -5.53628  -6.59577  73.40303   4.93219  16.73075  
 24 61.6007   6510.896466  x:  5.16645   0.41945   0.42358   0.65081   0.06857   0.82092   0.34973   0.26356   0.07638   0.14476   0.17772   3.12020  -5.39455  -6.47361  73.40633   4.88764  15.97400  
 25 158.1681   6494.967502  x:  4.52821   0.37043   0.73627   0.60800   0.04038   1.01748   0.44562   0.25119   0.08835   0.27015   0.15501   4.15802  -5.00081  -6.13710  73.41552   4.76480  13.88399  
 26 468.1073   6470.122408  x:  3.83395   0.22538   0.53576   0.35788   0.08996   1.23736   0.42898   0.28059   0.06320   0.25239   0.15412   5.14887  -4.48609  -5.71808  73.42733   4.60992  11.27726  
 27 264.3509   6399.081077  x:  2.57677   0.61019   0.06098   0.22295   0.12122   1.42467   0.44721   0.29055   0.04706   0.25368   0.15262   6.83607  -3.40496  -4.87187  73.45169   4.29517   5.93972  
 28 665.1628   6379.241323  x:  2.25974   0.60976   0.03817   0.19110   0.12591   1.47538   0.45463   0.29057   0.04403   0.25649   0.15111   7.23151  -3.08154  -4.56084  73.45860   4.17749   3.91208  
 29 538.8456   6372.473608  x:  2.19623   0.63906   0.00000   0.17957   0.12890   1.49090   0.45586   0.29143   0.04235   0.25672   0.15111   7.37678  -3.21764  -4.45438  73.45587   4.13961   3.30911  
 30 96.3639   6372.473608  x:  2.19623   0.63906   0.00000   0.17957   0.12890   1.49090   0.45586   0.29143   0.04235   0.25672   0.15111   7.37678  -3.21764  -4.45438  73.45587   4.13961   3.30911  
 31 53.9757   6287.444084  x:  2.25698   0.76019   0.74784   0.41498   0.17105   1.48211   0.48726   0.33349   0.15892   0.25856   0.22419   7.34671  -3.29993  -4.45358  73.45400   4.13959   3.27692  
 32 738.2467   6254.324320  x:  2.53124   0.84001   0.70513   0.68133   0.08391   1.44501   0.58103   0.38266   0.00000   0.34031   0.18336   7.18865  -3.47883  -4.45290  73.44980   4.13914   3.01589  
 33 104.3579   6219.818485  x:  2.79042   0.90794   0.63145   0.91289   0.00000   1.40927   0.66453   0.43477   0.03536   0.40776   0.17517   7.03622  -3.64438  -4.45233  73.44589   4.13875   2.76032  
 34 768.9133   6048.550469  x:  4.49291   1.23735   0.21315   1.92566   0.54293   1.16253   0.84154   0.45173   0.03204   0.25997   0.79547   5.86166  -4.48796  -4.45212  73.42424   4.14076   0.53332  
 35 357.0105   6044.465327  x:  4.53972   1.24547   0.21533   1.92686   0.54629   1.17591   0.83372   0.44469   0.03617   0.26520   0.77305   5.80908  -4.48760  -4.44706  73.42401   4.14101   0.45019  
 36 178.1993   5986.736316  x:  5.92375   1.54320   0.20402   1.69754   1.00944   1.79170   0.60790   0.29726   0.13578   0.31341   0.32207   4.12757  -4.83423  -4.24149  73.41281   4.12920   0.33205  
 37 86.2362   5946.945019  x:  7.10337   1.65222   0.24659   1.40113   1.03799   2.06437   0.36918   0.83098   0.10263   0.26211   0.34293   2.50776  -4.63472  -4.00478  73.40971   4.12228   0.30042  
 38 171.9918   5921.842306  x:  7.75281   1.69046   0.27812   1.27979   0.98239   2.14132   0.41333   0.79157   0.08410   0.39121   0.50254   1.64469  -4.31941  -3.86986  73.41068   4.12008   0.33571  
 39 220.1641   5916.975005  x:  7.97373   1.72789   0.28538   1.24864   0.96849   2.19857   0.53920   0.79530   0.08537   0.27145   0.48039   1.58072  -4.17851  -3.81702  73.41160   4.11117   0.35206  
 40 41.9744   5903.818208  x:  8.79440   1.89582   0.31705   0.99811   1.08747   2.49259   0.79038   0.99183   0.07756   0.43124   0.53865   1.79750  -3.74846  -3.58860  73.41443   4.05536   0.36936  
 41 46.8853   5900.805174  x:  8.99633   1.93610   0.32315   0.99594   0.97005   2.55902   0.62271   0.92798   0.06684   0.38581   0.59763   1.91770  -3.67959  -3.45884  73.41580   3.99804   0.39432  
 42 17.4025   5897.301853  x:  9.04842   1.85377   0.36909   0.85378   0.79238   2.63014   0.65852   0.86140   0.03718   0.34764   0.71499   2.01355  -3.80571  -3.03303  73.41844   3.80711   0.37216  
 43 12.1192   5881.030481  x:  9.06922   1.50333   0.42183   0.87470   0.68842   2.41903   0.64977   0.73942   0.03666   0.33774   0.68144   2.27113  -3.85647  -1.40763  73.43602   2.96891   0.40641  
 44 34.6063   5876.375519  x:  8.97237   1.65578   0.42972   0.78771   0.60761   2.23983   0.67203   0.68957   0.03138   0.33628   0.67260   2.33113  -3.88063  -1.14670  73.44661   2.23680   0.41127  
 45 14.6886   5872.199840  x:  8.72214   1.46163   0.42470   0.94151   0.56249   2.36856   0.71344   0.67656   0.02744   0.34942   0.69367   2.35482  -3.85649  -1.32330  73.46083   1.71981   0.41970  
 46  8.4067   5860.629753  x:  7.41321   2.22355   0.24890   1.31804   0.44073   2.43381   0.87172   0.66810   0.01773   0.40507   0.76545   2.27244  -3.72983  -1.77622  73.51691   1.67531   0.41014  
 47  7.4556   5844.420976  x:  7.06174   1.64701   0.40105   1.25200   0.11501   1.71323   0.88714   0.49819   0.03164   0.46823   0.42549   2.32210  -3.86170  -1.24365  73.66163   1.71823   0.41517  
 48  1.2473   5840.939272  x:  6.82950   1.66047   0.36320   1.43409   0.04885   1.93380   0.90148   0.51194   0.02553   0.48723   0.46730   2.26361  -3.77840  -0.86558  73.70522   1.57127   0.38510  
 49  8.5177   5835.041078  x:  6.75017   1.67006   0.36942   1.41365   0.05861   2.25006   0.98353   0.71787   0.03062   0.55647   0.39821   2.12960  -3.62397  -0.95886  73.80511   1.41595   0.35788  
 50  0.7362   5830.383403  x:  7.14761   1.76419   0.38840   1.24432   0.01991   2.20183   0.93204   0.72950   0.03757   0.54064   0.38892   2.05052  -3.66522  -0.53913  73.96255   1.16404   0.25644  
 51  0.4926   5829.307882  x:  7.33511   1.79166   0.37283   1.25350   0.07528   2.24767   0.92668   0.73084   0.04563   0.53408   0.41384   2.05805  -3.61337  -0.44664  74.01505   1.00713   0.23414  
 52  0.6849   5828.042877  x:  7.59009   1.72501   0.36693   1.26528   0.14457   2.25991   0.90754   0.70776   0.06046   0.51599   0.41967   2.11111  -3.55722  -0.36189  74.09433   1.08287   0.21867  
 53  0.9323   5825.911408  x:  7.82484   1.52033   0.39459   1.24799   0.09322   2.13935   0.85896   0.62214   0.07615   0.47850   0.40784   2.21776  -3.47353  -0.16387  74.27622   1.01236   0.20341  
 54  0.7945   5825.041666  x:  7.75909   1.53984   0.38777   1.24178   0.09671   2.03230   0.86115   0.61435   0.09235   0.47471   0.36494   2.24761  -3.40583   0.10038  74.42518   0.93475   0.18240  
 55  0.4451   5823.820264  x:  7.59350   1.78342   0.34055   1.23717   0.07789   2.03525   0.91850   0.64305   0.10607   0.49140   0.40341   2.18550  -3.19925   0.30027  74.72292   0.86314   0.14647  
 56  0.5068   5823.206739  x:  7.55136   1.78113   0.32393   1.25165   0.09652   2.12285   0.92710   0.66324   0.12120   0.50915   0.40993   2.14580  -3.02255   0.49606  74.96621   0.86950   0.13634  
 57  0.3063   5823.013401  x:  7.52966   1.76150   0.31722   1.26179   0.09176   2.15788   0.92517   0.66446   0.12994   0.51521   0.40637   2.12955  -2.94594   0.62753  75.12926   0.80760   0.11833  
 58  0.3572   5822.913509  x:  7.42251   1.75433   0.30843   1.26350   0.07703   2.14991   0.91313   0.64920   0.13790   0.51286   0.39588   2.14028  -2.90090   0.70031  75.34585   0.80328   0.10491  
 59  0.1537   5822.862793  x:  7.34217   1.76727   0.29636   1.25014   0.07849   2.12203   0.90787   0.64480   0.14316   0.50747   0.40078   2.14909  -2.85459   0.79705  75.57760   0.78174   0.09364  
 60  0.1556   5822.792438  x:  7.15870   1.76459   0.28325   1.22849   0.08462   2.08576   0.90029   0.64448   0.14219   0.50034   0.39884   2.14303  -2.85486   0.79733  75.88636   0.78734   0.09493  
 61  0.1728   5822.354086  x:  6.27439   1.51247   0.25796   1.05018   0.08077   1.81518   0.78637   0.58468   0.12422   0.43475   0.34652   2.11183  -3.08297   0.80591  77.60297   0.80467   0.08849  
 62  0.5050   5821.913067  x:  5.54206   1.34779   0.22829   0.97823   0.06385   1.65627   0.69853   0.51465   0.09889   0.38655   0.31827   2.10030  -3.32831   0.76860  78.76275   0.80190   0.09522  
 63  0.9577   5821.654564  x:  5.56758   1.36554   0.22508   0.98375   0.06698   1.68600   0.70284   0.50882   0.08732   0.38912   0.32410   2.10518  -3.40334   0.72589  78.71100   0.79850   0.10254  
 64  0.1906   5821.478519  x:  5.24443   1.28258   0.21306   0.88831   0.06840   1.55177   0.66190   0.47721   0.07282   0.36525   0.30199   2.12292  -3.54946   0.72767  79.41742   0.80234   0.10474  
 65  0.9655   5821.368414  x:  5.03330   1.24608   0.18846   0.86411   0.06617   1.48565   0.64373   0.47137   0.07271   0.36345   0.29186   2.13362  -3.56131   0.83979  79.95941   0.78965   0.09109  
 66  0.4564   5821.314077  x:  4.94721   1.21540   0.17513   0.84317   0.06355   1.45494   0.61171   0.45235   0.06857   0.35094   0.28484   2.13197  -3.62288   0.85948  80.26800   0.78860   0.08651  
 67  0.3190   5821.281159  x:  4.88609   1.22112   0.16380   0.83918   0.05991   1.44170   0.61554   0.44829   0.06582   0.34452   0.28158   2.12153  -3.66492   0.85496  80.39244   0.78634   0.08594  
 68  0.1192   5821.258864  x:  4.74545   1.18879   0.15212   0.81375   0.05946   1.39948   0.60200   0.43772   0.06174   0.33416   0.27460   2.11559  -3.73080   0.85650  80.68314   0.78495   0.08616  
 69  0.4051   5821.201906  x:  4.67766   1.15552   0.13754   0.77837   0.06215   1.35461   0.58259   0.42830   0.06435   0.32441   0.26737   2.10924  -3.81749   0.86039  80.92135   0.78319   0.08812  
 70  0.1923   5821.122243  x:  4.47461   1.13663   0.11689   0.76245   0.05766   1.30316   0.55384   0.40785   0.06747   0.31583   0.25374   2.11204  -3.96305   0.79713  81.12329   0.79969   0.09814  
 71  0.2480   5821.072673  x:  4.50271   1.13220   0.12312   0.76466   0.05760   1.32096   0.55960   0.40932   0.06926   0.31841   0.25631   2.11876  -4.03063   0.69863  80.91884   0.81925   0.10965  
 72  0.3447   5821.055179  x:  4.43622   1.10995   0.12107   0.74129   0.05772   1.29277   0.55044   0.40082   0.06838   0.31072   0.25079   2.12404  -4.11079   0.65754  81.01242   0.82655   0.11315  
 73  0.2201   5821.048109  x:  4.42207   1.10670   0.12502   0.74147   0.05996   1.28424   0.54640   0.40019   0.06920   0.30824   0.24965   2.12688  -4.12962   0.64844  80.99249   0.82696   0.11363  
 74  0.0214   5821.029589  x:  4.29754   1.06742   0.13446   0.72662   0.05388   1.25464   0.53272   0.39169   0.06867   0.30136   0.24405   2.12713  -4.20111   0.65123  81.11319   0.82585   0.11325  
 75  0.1111   5821.016815  x:  4.21099   1.04313   0.13937   0.71303   0.05692   1.24124   0.52516   0.38442   0.06714   0.29748   0.24076   2.12147  -4.24587   0.65715  81.23911   0.82702   0.11328  
 76  0.1664   5821.010126  x:  4.20669   1.04010   0.14220   0.70972   0.05559   1.23374   0.52503   0.38309   0.06514   0.29678   0.24147   2.11911  -4.26576   0.65561  81.25418   0.82931   0.11422  
 77  0.0331   5821.001793  x:  4.11639   1.01756   0.13523   0.69440   0.05479   1.20453   0.51147   0.37651   0.06274   0.28950   0.23485   2.11684  -4.35578   0.64351  81.44080   0.83267   0.11583  
 78  0.1669   5820.995170  x:  4.05205   1.01031   0.12617   0.68476   0.05400   1.18939   0.50390   0.37006   0.06332   0.28554   0.23184   2.11830  -4.41062   0.65314  81.60597   0.82995   0.11395  
 79  0.1658   5820.993469  x:  4.02361   0.99746   0.12786   0.67871   0.05377   1.17753   0.50021   0.36603   0.06270   0.28384   0.22944   2.12032  -4.45201   0.64424  81.64735   0.83186   0.11510  
 80  0.0823   5820.992504  x:  4.00048   0.99131   0.12922   0.67359   0.05370   1.17190   0.49691   0.36501   0.06177   0.28242   0.22887   2.12073  -4.47947   0.63761  81.68129   0.83352   0.11606  
 81  0.0719   5820.992246  x:  3.98854   0.98849   0.12857   0.67259   0.05359   1.16823   0.49579   0.36382   0.06161   0.28117   0.22839   2.12035  -4.49322   0.63680  81.70619   0.83413   0.11627  
 82  0.0319   5820.992174  x:  3.97763   0.98655   0.12803   0.67066   0.05340   1.16527   0.49444   0.36283   0.06159   0.28053   0.22766   2.11989  -4.50347   0.63643  81.72744   0.83432   0.11634  
 83  0.0445   5820.992164  x:  3.97753   0.98646   0.12798   0.67056   0.05341   1.16524   0.49435   0.36282   0.06160   0.28061   0.22758   2.11977  -4.50440   0.63636  81.72896   0.83430   0.11633  
 84  0.0044   5820.992159  x:  3.97592   0.98601   0.12787   0.67024   0.05341   1.16472   0.49409   0.36265   0.06158   0.28053   0.22756   2.11971  -4.50633   0.63608  81.73301   0.83434   0.11636  
 85  0.0106   5820.992158  x:  3.97495   0.98573   0.12788   0.67003   0.05339   1.16446   0.49399   0.36256   0.06156   0.28043   0.22751   2.11977  -4.50755   0.63593  81.73599   0.83436   0.11637  
 86  0.0026   5820.992155  x:  3.97365   0.98552   0.12788   0.66994   0.05340   1.16406   0.49387   0.36250   0.06151   0.28038   0.22746   2.11985  -4.50885   0.63590  81.74783   0.83438   0.11638  
 87  0.0015   5820.992105  x:  3.97464   0.98566   0.12782   0.67012   0.05343   1.16420   0.49374   0.36248   0.06150   0.28037   0.22749   2.12009  -4.50974   0.63619  81.84236   0.83438   0.11637  
 88  0.0118   5820.991598  x:  3.99442   0.99009   0.12747   0.67352   0.05382   1.16903   0.49504   0.36379   0.06169   0.28135   0.22848   2.12205  -4.51411   0.63989  83.57350   0.83422   0.11620  
 89  0.5137   5820.987915  x:  4.12486   1.02302   0.13222   0.69566   0.05535   1.20804   0.51131   0.37532   0.06376   0.29052   0.23585   2.12126  -4.48059   0.63949  91.77772   0.83348   0.11599  
 90  1.0257   5820.985637  x:  4.19310   1.03984   0.13507   0.70687   0.05632   1.22853   0.52067   0.38208   0.06494   0.29563   0.23976   2.12004  -4.51719   0.63400  99.98285   0.83468   0.11654  
 91  9.8431   5820.984448  x:  4.29679   1.06536   0.13832   0.72424   0.05765   1.25869   0.53434   0.39201   0.06667   0.30296   0.24560   2.11998  -4.49461   0.63700  106.87169   0.83425   0.11618  
 92  8.7668   5820.983838  x:  4.42847   1.09804   0.14245   0.74657   0.05942   1.29723   0.55071   0.40400   0.06869   0.31225   0.25318   2.12032  -4.50296   0.63704  118.17727   0.83453   0.11632  
 93  6.7373   5820.983731  x:  4.46558   1.10735   0.14361   0.75285   0.05989   1.30810   0.55521   0.40727   0.06926   0.31483   0.25530   2.12039  -4.49765   0.63737  120.72037   0.83435   0.11626  
 94  5.3813   5820.983690  x:  4.52076   1.12094   0.14537   0.76214   0.06068   1.32424   0.56169   0.41215   0.07008   0.31865   0.25840   2.12032  -4.49781   0.63682  125.06986   0.83426   0.11624  
 95  2.7623   5820.983683  x:  4.52616   1.12229   0.14554   0.76303   0.06074   1.32580   0.56250   0.41271   0.07018   0.31906   0.25872   2.12038  -4.49760   0.63724  125.51762   0.83431   0.11623  
 96  0.2870   5820.983680  x:  4.54619   1.12727   0.14618   0.76642   0.06100   1.33168   0.56505   0.41456   0.07050   0.32047   0.25986   2.12038  -4.49620   0.63733  126.98833   0.83429   0.11623  
 97  0.7301   5820.983674  x:  4.55576   1.12965   0.14650   0.76806   0.06112   1.33453   0.56618   0.41540   0.07063   0.32114   0.26040   2.12032  -4.49498   0.63710  127.55082   0.83421   0.11621  
 98  0.1776   5820.983663  x:  4.55214   1.12878   0.14635   0.76747   0.06105   1.33345   0.56574   0.41504   0.07059   0.32085   0.26018   2.12042  -4.48796   0.63815  126.48686   0.83400   0.11609  
 99  0.2729   5820.983662  x:  4.54747   1.12761   0.14619   0.76667   0.06099   1.33206   0.56517   0.41463   0.07051   0.32053   0.25991   2.12042  -4.48802   0.63808  126.09954   0.83403   0.11611  
100  0.4911   5820.983662  x:  4.54888   1.12796   0.14623   0.76691   0.06101   1.33248   0.56535   0.41477   0.07054   0.32063   0.25999   2.12042  -4.48807   0.63804  126.21615   0.83404   0.11612  
101  0.1106   5820.983662  x:  4.54929   1.12806   0.14625   0.76698   0.06101   1.33259   0.56540   0.41480   0.07054   0.32066   0.26001   2.12042  -4.48804   0.63805  126.24609   0.83404   0.11611  
102  0.0263   5820.983662  x:  4.54921   1.12804   0.14624   0.76696   0.06101   1.33257   0.56539   0.41480   0.07054   0.32065   0.26001   2.12042  -4.48804   0.63805  126.23860   0.83404   0.11611  
103  0.0190   5820.983662  x:  4.54923   1.12804   0.14625   0.76697   0.06101   1.33258   0.56540   0.41480   0.07054   0.32065   0.26001   2.12042  -4.48804   0.63805  126.23996   0.83404   0.11611  
104  0.0034   5820.983662  x:  4.54923   1.12804   0.14625   0.76697   0.06101   1.33258   0.56540   0.41480   0.07054   0.32065   0.26001   2.12042  -4.48804   0.63805  126.24005   0.83404   0.11611  
105  0.0072   5820.983662  x:  4.54923   1.12804   0.14625   0.76697   0.06101   1.33258   0.56540   0.41480   0.07054   0.32065   0.26001   2.12042  -4.48804   0.63805  126.24005   0.83404   0.11611  
106  0.0033   5820.983662  x:  4.54923   1.12804   0.14625   0.76697   0.06101   1.33258   0.56540   0.41480   0.07054   0.32065   0.26001   2.12042  -4.48804   0.63805  126.24005   0.83404   0.11611  
107  0.0024   5820.983662  x:  4.54923   1.12804   0.14625   0.76697   0.06101   1.33258   0.56540   0.41480   0.07054   0.32065   0.26001   2.12042  -4.48804   0.63805  126.24005   0.83404   0.11611  
check convergence!
