

TREE # 1

  0  0.0000   6466.644486  x:  1.67776   0.62357   0.05214   0.40487   0.00000   0.58951   0.29898   0.21535   0.07604   0.15529   0.17736   3.00000  10.00000  
  1 99.0000   6443.446027  x:  1.69168   0.63677   0.10182   0.41812   0.17536   0.61657   0.31963   0.22798   0.07786   0.17123   0.17522   2.99381   9.99323  
  2 751.6191   6422.761371  x:  1.81113   0.67055   0.28011   0.46442   0.12253   0.79843   0.40591   0.29530   0.07078   0.26135   0.15982   2.94353   9.93222  
  3 149.3304   6413.351883  x:  1.97550   0.63165   0.30367   0.48901   0.11972   0.91013   0.38410   0.22790   0.04360   0.18872   0.14924   2.87665   9.83324  
  4 86.9429   6407.663049  x:  2.11482   0.59097   0.30171   0.50319   0.12026   0.98127   0.35684   0.21291   0.09432   0.14981   0.17704   2.81935   9.74410  
  5 287.0747   6394.541623  x:  2.46774   0.47005   0.21571   0.50951   0.13703   1.05461   0.26582   0.25660   0.07770   0.21728   0.17222   2.67214   9.49027  
  6 180.9317   6375.837684  x:  3.08962   0.48649   0.15438   0.45469   0.14094   0.86457   0.41721   0.33095   0.07468   0.17051   0.12193   2.40101   8.90512  
  7 122.0800   6364.001670  x:  3.48023   0.55725   0.17130   0.42519   0.13730   0.70454   0.44875   0.28056   0.04839   0.21386   0.20617   2.23743   8.48241  
  8 356.5492   6358.388630  x:  3.62474   0.62524   0.20087   0.42408   0.13298   0.63646   0.39394   0.25163   0.08682   0.23695   0.14853   2.19575   8.22968  
  9 148.8298   6344.362158  x:  3.81709   0.80956   0.18398   0.43100   0.13139   0.61306   0.28054   0.35965   0.04235   0.16949   0.16944   2.24326   7.35250  
 10 107.2144   6275.410060  x:  4.17312   1.12546   0.00000   0.43062   0.13986   0.65549   0.25936   0.37583   0.03901   0.18161   0.17150   2.41711   5.24841  
 11 635.6513   6265.966269  x:  4.51764   1.71769   0.00000   0.32749   0.16382   0.84877   0.23861   0.37511   0.04900   0.22350   0.16882   2.58187   4.11685  
 12 119.5859   6264.636179  x:  4.58998   1.81095   0.00000   0.41200   0.16545   0.86042   0.24483   0.37595   0.04958   0.23109   0.17010   2.64399   3.96231  
 13 65.8908   6264.636179  x:  4.58998   1.81095   0.00000   0.41200   0.16545   0.86042   0.24483   0.37595   0.04958   0.23109   0.17010   2.64399   3.96231  
 14 13.4012   6230.535494  x:  4.56694   1.61159   0.00000   0.40973   0.00000   0.84877   0.37600   0.18899   0.06505   0.19034   0.14012   2.67343   3.84148  
 15 163.7589   6197.308167  x:  4.50237   1.07669   0.00000   0.47445   0.02776   0.81179   0.57916   0.15889   0.21464   0.17365   0.25199   2.74302   3.50003  
 16 210.7998   6160.935920  x:  4.43664   0.59354   0.00000   0.51940   0.03233   0.77311   0.64490   0.22158   0.14662   0.18528   0.18420   2.80492   3.14875  
 17 437.6850   6148.278478  x:  4.38470   0.50844   0.00000   0.54023   0.10205   0.78653   0.61475   0.13957   0.08945   0.19260   0.21059   2.83640   2.85565  
 18 131.3642   6035.030175  x:  4.03623   0.26417   0.67080   0.60937   0.09915   0.86749   0.45394   0.03463   0.02474   0.14945   0.35034   3.03444   0.87226  
 19 454.4430   6019.683656  x:  3.97956   0.23481   0.69311   0.60470   0.09743   0.89616   0.44609   0.02655   0.02834   0.16437   0.35533   3.06183   0.54261  
 20 1078.7773   6018.312538  x:  3.97201   0.23758   0.70087   0.60080   0.10193   0.91186   0.46858   0.03194   0.01555   0.16396   0.35760   3.06309   0.51584  
 21 102.5293   6015.385416  x:  3.95232   0.24631   0.74270   0.58091   0.13412   0.97204   0.51867   0.03204   0.02639   0.18842   0.30959   3.05784   0.49898  
 22 89.5390   6013.731451  x:  3.91885   0.23052   0.75128   0.54120   0.14389   1.02858   0.50428   0.03400   0.03364   0.14955   0.30340   3.04246   0.48871  
 23 27.8683   6010.903260  x:  3.84246   0.19688   0.77413   0.46267   0.12301   1.11491   0.46443   0.03771   0.02954   0.17953   0.34151   2.99953   0.50047  
 24 52.2274   5975.021728  x:  2.57182   0.16334   0.83936   0.66702   0.06824   0.93866   0.34662   0.05658   0.03972   0.19229   0.34312   2.13003   0.43991  
 25 22.2954   5970.559786  x:  2.45379   0.17800   0.85710   0.52747   0.10380   0.78223   0.36355   0.05728   0.04103   0.18826   0.33086   2.06907   0.44589  
 26 36.4948   5961.673050  x:  2.81984   0.23295   0.81403   0.58996   0.08889   0.70533   0.30067   0.07339   0.04802   0.19501   0.31244   2.48264   0.45405  
 27  7.7058   5951.200528  x:  3.31703   0.25142   0.76975   0.57397   0.07453   0.69358   0.29045   0.08022   0.04890   0.19289   0.29011   1.93046   0.44822  
 28  6.7924   5919.364452  x:  2.18630   0.46224   0.41167   0.63446   0.02434   0.74223   0.28605   0.11143   0.05242   0.17655   0.18165   1.97627   0.71161  
 29  5.5638   5903.439642  x:  2.21798   0.57635   0.24377   0.59694   0.00000   0.77581   0.35336   0.12140   0.05903   0.18509   0.17228   2.00415   0.66628  
 30  0.8500   5890.371037  x:  2.37356   0.70163   0.07846   0.45065   0.04546   0.86429   0.33840   0.14167   0.06731   0.20135   0.14498   1.96935   0.52608  
 31  0.5147   5886.594434  x:  2.41874   0.74821   0.06174   0.48962   0.02566   0.84548   0.37264   0.15483   0.07254   0.21288   0.19574   1.94920   0.48287  
 32  0.1986   5882.869139  x:  2.59809   0.74619   0.09801   0.52369   0.03728   0.79864   0.37832   0.18972   0.07900   0.21779   0.17562   1.94621   0.52645  
 33  0.1205   5880.983501  x:  2.43009   0.77973   0.04196   0.52542   0.02839   0.79519   0.34449   0.21376   0.08008   0.22026   0.16644   1.93179   0.53820  
 34  0.2637   5879.611682  x:  2.45969   0.75294   0.08819   0.47983   0.03370   0.82476   0.32663   0.23589   0.07951   0.22158   0.16138   1.97628   0.50870  
 35  0.1159   5878.745420  x:  2.40107   0.71186   0.08941   0.49311   0.04542   0.82483   0.35754   0.25539   0.07480   0.21593   0.16380   1.96236   0.50238  
 36  0.0524   5878.461051  x:  2.40451   0.67781   0.10513   0.49551   0.03534   0.83042   0.35164   0.26244   0.06799   0.21412   0.17044   1.94200   0.51337  
 37  0.0464   5878.302120  x:  2.36559   0.67571   0.11948   0.50126   0.03205   0.82468   0.35032   0.26527   0.05860   0.21396   0.16813   1.96002   0.51280  
 38  0.0232   5878.209461  x:  2.40345   0.68475   0.10977   0.49140   0.03573   0.82429   0.35393   0.26553   0.05100   0.21332   0.17180   1.95641   0.51051  
 39  0.0266   5878.200853  x:  2.40540   0.69050   0.10518   0.49658   0.03555   0.82762   0.35319   0.26606   0.05086   0.21310   0.17281   1.95415   0.51010  
 40  0.0101   5878.200046  x:  2.40342   0.69188   0.10445   0.49582   0.03541   0.82655   0.35348   0.26657   0.05090   0.21287   0.17319   1.95450   0.51058  
 41  0.0032   5878.199935  x:  2.40462   0.69199   0.10436   0.49602   0.03528   0.82625   0.35343   0.26682   0.05088   0.21277   0.17303   1.95438   0.51035  
 42  0.0016   5878.199928  x:  2.40467   0.69199   0.10445   0.49600   0.03531   0.82636   0.35341   0.26687   0.05087   0.21273   0.17301   1.95461   0.51038  
 43  0.0003   5878.199928  x:  2.40468   0.69199   0.10446   0.49599   0.03531   0.82636   0.35341   0.26687   0.05087   0.21272   0.17301   1.95455   0.51038  
 44  0.0001   5878.199928  x:  2.40468   0.69199   0.10446   0.49599   0.03531   0.82636   0.35342   0.26687   0.05088   0.21272   0.17301   1.95456   0.51038  
 45  0.0000   5878.199928  x:  2.40468   0.69199   0.10446   0.49599   0.03531   0.82636   0.35342   0.26687   0.05087   0.21272   0.17301   1.95456   0.51038  
 46  0.0000   5878.199928  x:  2.40468   0.69199   0.10446   0.49599   0.03531   0.82636   0.35342   0.26687   0.05087   0.21272   0.17301   1.95456   0.51038  
 47  0.0000   5878.199928  x:  2.40468   0.69199   0.10446   0.49599   0.03531   0.82636   0.35342   0.26687   0.05087   0.21272   0.17301   1.95456   0.51038  