

TREE # 1

  0  0.0000   5912.583250  x:  1.58735   0.60136   0.05585   0.37797   0.00000   0.55081   0.27758   0.19852   0.08192   0.15159   0.16625   3.00000   1.21406   0.05603   0.23783   3.11306  
  1 99.0000   5889.836983  x:  1.62795   0.64183   0.12980   0.41710   0.17951   0.63653   0.34072   0.23333   0.05249   0.19253   0.15034   2.96949   1.19581   0.07655   0.26460   3.11203  
  2 302.1324   5873.860512  x:  1.76796   0.68066   0.18878   0.45364   0.10697   0.81735   0.39383   0.30817   0.07648   0.23951   0.22451   2.87219   1.13740   0.14345   0.31604   3.10845  
  3 126.5846   5861.528306  x:  1.91033   0.70905   0.22317   0.48923   0.03378   0.95364   0.41662   0.30070   0.00000   0.24877   0.18216   2.77010   1.08082   0.20956   0.29618   3.10472  
  4 214.9600   5854.453720  x:  2.02996   0.72371   0.23487   0.51987   0.00960   1.03233   0.42364   0.28263   0.03941   0.24017   0.13236   2.68020   1.03319   0.26646   0.23335   3.10120  
  5 227.8657   5842.082163  x:  2.30443   0.71222   0.17676   0.56307   0.05115   1.06194   0.35811   0.19863   0.05485   0.16493   0.17251   2.46477   0.89851   0.42664   0.23116   3.09161  
  6 125.7473   5830.762578  x:  2.59816   0.68806   0.08505   0.57551   0.09254   0.99883   0.27556   0.27997   0.03403   0.18900   0.17610   2.22509   0.74617   0.61083   0.18107   3.07902  
  7 199.0458   5827.305707  x:  2.69961   0.69809   0.07794   0.55267   0.08882   0.93437   0.30211   0.27578   0.04465   0.22055   0.14680   2.14318   0.68651   0.68500   0.20912   3.07290  
  8 112.5207   5824.247912  x:  2.79309   0.72483   0.09629   0.51666   0.08468   0.85622   0.36224   0.26135   0.03602   0.24106   0.17391   2.06945   0.63524   0.75343   0.17620   3.06558  
  9 122.5315   5823.819078  x:  2.80826   0.73339   0.10855   0.50416   0.08323   0.84316   0.37151   0.27572   0.03490   0.21480   0.17083   2.06466   0.62720   0.76835   0.17604   3.06264  
 10 26.8585   5823.628441  x:  2.82711   0.72995   0.12188   0.47663   0.08613   0.84841   0.35886   0.27310   0.03594   0.21781   0.17087   2.10009   0.62299   0.80460   0.17119   3.04768  
 11  5.9963   5823.410683  x:  2.85385   0.70913   0.11598   0.47619   0.08693   0.85134   0.37466   0.27471   0.03483   0.21479   0.17072   2.15813   0.62337   0.86165   0.16519   3.02075  
 12 11.7059   5823.258831  x:  2.87415   0.71294   0.12675   0.50059   0.08247   0.84130   0.37061   0.27511   0.03508   0.21645   0.17189   2.19981   0.63273   0.90683   0.16271   2.99495  
 13 12.8905   5822.700423  x:  2.94282   0.80210   0.06506   0.49699   0.08213   0.85205   0.37578   0.27708   0.03659   0.21646   0.17215   2.24158   0.85318   1.08470   0.16627   2.80290  
 14  4.1223   5821.245666  x:  3.08093   0.72420   0.12303   0.49711   0.06665   0.85843   0.37745   0.28010   0.03957   0.21589   0.17422   2.20356   1.54065   1.59169   0.18110   2.21980  
 15 15.8104   5820.722932  x:  2.97943   0.72741   0.12658   0.50567   0.05542   0.88812   0.37604   0.27815   0.04046   0.21265   0.17517   2.13986   1.68197   1.87459   0.17168   2.00350  
 16  8.3145   5820.541325  x:  3.09995   0.74865   0.10842   0.50792   0.04544   0.89416   0.37761   0.27894   0.04550   0.21524   0.17773   2.15687   1.59899   1.81269   0.16980   1.87659  
 17  0.1597   5820.497285  x:  3.13840   0.74813   0.10142   0.50720   0.05050   0.89153   0.37338   0.27774   0.04737   0.21231   0.17437   2.14438   1.39409   1.62172   0.16446   1.70008  
 18  0.1444   5820.177222  x:  3.16541   0.74627   0.10255   0.50987   0.05013   0.89434   0.37078   0.27649   0.05130   0.21001   0.17135   2.13903   0.67730   0.92002   0.16145   1.00000  
 19  0.3599   5820.177222  x:  3.16541   0.74627   0.10255   0.50987   0.05013   0.89434   0.37078   0.27649   0.05130   0.21001   0.17135   2.13903   0.67730   0.92002   0.16145   1.00000  
 20  1.5824   5820.146567  x:  3.16502   0.74676   0.10335   0.50938   0.04929   0.89426   0.37176   0.27660   0.04707   0.21217   0.17422   2.13951   0.67696   0.91994   0.16497   1.00000  
 21  8.9666   5820.137405  x:  3.16443   0.74735   0.10423   0.50904   0.04879   0.89428   0.37317   0.27787   0.04625   0.21384   0.17688   2.14008   0.67707   0.91932   0.16374   1.00000  
 22  5.6076   5820.133132  x:  3.16295   0.74852   0.10604   0.50849   0.04854   0.89441   0.37604   0.27930   0.04578   0.21414   0.17567   2.14159   0.67698   0.91799   0.16388   1.00000  
 23  2.1382   5820.131655  x:  3.16175   0.74875   0.10657   0.50816   0.04799   0.89447   0.37688   0.27924   0.04661   0.21379   0.17601   2.14281   0.67682   0.91696   0.16455   1.00000  
 24  1.9173   5820.128473  x:  3.15793   0.74884   0.10724   0.50760   0.04697   0.89462   0.37772   0.27747   0.04632   0.21284   0.17623   2.14656   0.67639   0.91354   0.16426   1.00000  
 25  2.7360   5820.118655  x:  3.14314   0.74730   0.10711   0.50714   0.04935   0.89457   0.37626   0.27753   0.04649   0.21379   0.17607   2.15996   0.67397   0.90070   0.16541   1.00000  
 26  3.7409   5820.116989  x:  3.14024   0.74689   0.10685   0.50724   0.04817   0.89441   0.37545   0.27858   0.04622   0.21355   0.17579   2.16170   0.67300   0.89831   0.16551   1.00000  
 27  3.0038   5820.110707  x:  3.12400   0.74742   0.10760   0.51241   0.04815   0.89360   0.37543   0.27904   0.04580   0.21186   0.17653   2.15861   0.66062   0.88683   0.16577   1.00000  
 28  1.0920   5820.104207  x:  3.10693   0.74732   0.10755   0.51457   0.04663   0.89311   0.37558   0.27776   0.04666   0.21435   0.17556   2.15429   0.64659   0.87454   0.16588   1.00000  
 29  8.0144   5820.090972  x:  3.07296   0.74580   0.10619   0.50778   0.04761   0.89343   0.37581   0.27798   0.04635   0.21312   0.17576   2.14363   0.61558   0.84846   0.16565   1.00000  
 30  6.6535   5820.089563  x:  3.07101   0.74643   0.10813   0.50687   0.04773   0.89267   0.37433   0.27784   0.04649   0.21317   0.17573   2.14284   0.61126   0.84435   0.16559   1.00000  
 31  1.4225   5820.069818  x:  3.07215   0.73208   0.11634   0.50599   0.04813   0.88262   0.37612   0.27750   0.04633   0.21269   0.17563   2.13942   0.53549   0.76529   0.16522   1.00000  
 32  1.4049   5820.018077  x:  3.08213   0.71775   0.12861   0.50795   0.04770   0.89926   0.37410   0.27810   0.04622   0.21250   0.17567   2.13515   0.33039   0.55452   0.16500   1.00000  
 33 11.3730   5819.907142  x:  3.10875   0.74212   0.10990   0.50715   0.04805   0.89232   0.37506   0.27793   0.04647   0.21139   0.17588   2.14037  -0.11539   0.11663   0.16249   1.00000  
 34 18.6753   5819.900666  x:  3.10977   0.74033   0.11152   0.50749   0.04817   0.89283   0.37524   0.27804   0.04659   0.21141   0.17594   2.14901  -0.15232   0.10420   0.16017   1.00000  
 35  1.3385   5819.897511  x:  3.11725   0.74661   0.10678   0.50778   0.04814   0.89300   0.37534   0.27810   0.04669   0.21135   0.17601   2.15218  -0.10871   0.14950   0.16038   1.00000  
 36  0.0718   5819.897502  x:  3.11799   0.74678   0.10672   0.50784   0.04814   0.89315   0.37534   0.27811   0.04670   0.21134   0.17601   2.15236  -0.11176   0.14644   0.16036   1.00000  
 37  0.0045   5819.897502  x:  3.11800   0.74678   0.10672   0.50784   0.04814   0.89315   0.37534   0.27811   0.04670   0.21134   0.17601   2.15236  -0.11171   0.14649   0.16036   1.00000  
 38  0.0001   5819.897502  x:  3.11800   0.74678   0.10672   0.50784   0.04814   0.89315   0.37534   0.27811   0.04670   0.21134   0.17601   2.15236  -0.11171   0.14649   0.16036   1.00000  
 39  0.0000   5819.897502  x:  3.11800   0.74678   0.10672   0.50784   0.04814   0.89315   0.37534   0.27811   0.04670   0.21134   0.17601   2.15236  -0.11171   0.14649   0.16036   1.00000  
check convergence!
