

TREE # 1

  0  0.0000   5900.289457  x:  1.71905   0.64003   0.05027   0.41296   0.00000   0.59673   0.30801   0.21941   0.07038   0.14750   0.16955   3.00000   1.40761   0.08822   0.23452  
  1 99.0000   5882.035541  x:  1.75017   0.66843   0.10825   0.43590   0.13246   0.65772   0.34502   0.23424   0.04459   0.18613   0.15286   2.97285   1.38704   0.10909   0.31110  
  2 262.8651   5872.228747  x:  1.83398   0.69374   0.15956   0.45913   0.10434   0.77649   0.37996   0.29697   0.07997   0.22907   0.20953   2.90099   1.34544   0.15134   0.31410  
  3 120.1318   5858.883158  x:  1.98882   0.72397   0.21533   0.49461   0.01754   0.94769   0.40888   0.30473   0.00000   0.24701   0.17820   2.76739   1.26706   0.23112   0.30316  
  4 201.3787   5852.088255  x:  2.11866   0.73094   0.22476   0.52350   0.00524   1.03158   0.41206   0.26564   0.05095   0.21848   0.11798   2.65038   1.19460   0.30455   0.27734  
  5 164.8356   5842.457276  x:  2.32892   0.71313   0.18184   0.55442   0.04346   1.07420   0.37147   0.20236   0.04538   0.16295   0.17830   2.45360   1.06449   0.43681   0.23805  
  6 159.9619   5830.384297  x:  2.61739   0.67148   0.07844   0.56197   0.06809   1.02847   0.28739   0.26291   0.03843   0.18890   0.16364   2.17887   0.86963   0.63540   0.23950  
  7 205.9961   5827.018431  x:  2.70566   0.68801   0.08133   0.54736   0.08271   0.97366   0.31108   0.27087   0.03034   0.21974   0.15824   2.09535   0.80981   0.69689   0.18655  
  8 115.3263   5823.579423  x:  2.80813   0.72559   0.10923   0.51041   0.06102   0.88166   0.36516   0.25735   0.03375   0.22444   0.16698   2.00726   0.73342   0.77569   0.20294  
  9 122.1996   5823.391900  x:  2.81717   0.72973   0.11436   0.50628   0.06288   0.87652   0.36835   0.26906   0.03171   0.20879   0.16567   2.00859   0.72787   0.78193   0.19994  
 10 18.2552   5823.040887  x:  2.88044   0.72878   0.12389   0.47747   0.06646   0.87825   0.35778   0.26773   0.03272   0.21137   0.16577   2.09639   0.69717   0.82128   0.19123  
 11  6.4816   5822.894164  x:  2.91262   0.72128   0.11501   0.49083   0.06578   0.87454   0.37451   0.26940   0.03164   0.21117   0.16590   2.14069   0.68491   0.83913   0.18931  
 12 13.0183   5822.858865  x:  2.92304   0.72683   0.11818   0.50347   0.06428   0.86946   0.37006   0.26962   0.03187   0.21204   0.16635   2.15150   0.68482   0.84219   0.18896  
 13  5.2267   5822.790229  x:  2.96629   0.75283   0.09859   0.50040   0.06543   0.86875   0.37207   0.27069   0.03258   0.21287   0.16763   2.15922   0.72128   0.83153   0.19237  
 14  1.3010   5822.692960  x:  3.00964   0.72340   0.11858   0.49880   0.06359   0.86283   0.37293   0.27238   0.03363   0.21375   0.16944   2.15639   0.77337   0.83837   0.19379  
 15  1.3634   5822.118011  x:  3.02896   0.74126   0.11491   0.50626   0.04629   0.89534   0.37905   0.28111   0.04036   0.21881   0.18110   2.14573   0.93082   1.10111   0.18048  
 16  1.6760   5821.968627  x:  3.13348   0.74833   0.09934   0.50748   0.04604   0.89305   0.37340   0.28211   0.04223   0.21825   0.17558   2.12688   1.44922   1.65109   0.17656  
 17  0.2852   5821.759678  x:  3.09281   0.74438   0.11167   0.51036   0.04676   0.90381   0.37394   0.27458   0.04944   0.21465   0.17244   2.15347   2.82874   2.99409   0.18055  
 18  0.4075   5821.688300  x:  3.06496   0.74407   0.10757   0.50556   0.04874   0.88883   0.37638   0.27722   0.04819   0.21856   0.17563   2.13332   3.44963   3.64435   0.17832  
 19  0.4780   5821.651301  x:  3.06485   0.74535   0.10697   0.50846   0.04527   0.89498   0.37423   0.27864   0.04516   0.21690   0.17526   2.13836   4.48116   4.65388   0.17992  
 20  0.4757   5821.639881  x:  3.06629   0.74394   0.10709   0.50563   0.04835   0.89135   0.37486   0.27765   0.04589   0.21758   0.17594   2.13983   5.30290   5.48978   0.17895  
 21  0.4819   5821.634523  x:  3.07342   0.74484   0.10842   0.50790   0.04638   0.89465   0.37529   0.27791   0.04604   0.21747   0.17567   2.13773   6.26037   6.44085   0.17938  
 22  0.5174   5821.632557  x:  3.06924   0.74447   0.10747   0.50686   0.04787   0.89317   0.37499   0.27809   0.04581   0.21754   0.17560   2.13888   7.11676   7.29885   0.17935  
 23  0.4922   5821.631676  x:  3.07017   0.74453   0.10811   0.50721   0.04675   0.89363   0.37515   0.27803   0.04596   0.21762   0.17567   2.13835   8.08378   8.26627   0.17931  
 24  0.5113   5821.631349  x:  3.06916   0.74461   0.10744   0.50707   0.04738   0.89334   0.37492   0.27794   0.04593   0.21738   0.17557   2.13870   8.96989   9.15117   0.17931  
 25  0.5159   5821.631222  x:  3.06939   0.74453   0.10781   0.50711   0.04701   0.89331   0.37509   0.27792   0.04598   0.21751   0.17565   2.13845   9.78688   9.96927   0.17931  
 26  0.4618   5821.631161  x:  3.06963   0.74458   0.10764   0.50712   0.04724   0.89348   0.37498   0.27798   0.04593   0.21745   0.17561   2.13860  10.73573  10.91727   0.17930  
 27  0.4938   5821.631138  x:  3.06963   0.74455   0.10777   0.50711   0.04713   0.89339   0.37507   0.27797   0.04594   0.21751   0.17564   2.13853  11.54546  11.72760   0.17933  
 28  0.4937   5821.631128  x:  3.06971   0.74457   0.10771   0.50712   0.04719   0.89347   0.37502   0.27798   0.04593   0.21748   0.17562   2.13856  12.55407  12.73584   0.17930  
 29  0.4933   5821.631123  x:  3.06957   0.74456   0.10773   0.50711   0.04715   0.89340   0.37505   0.27796   0.04594   0.21749   0.17563   2.13854  13.39009  13.57209   0.17932  
 30  0.5106   5821.631122  x:  3.06960   0.74456   0.10771   0.50711   0.04716   0.89343   0.37503   0.27797   0.04594   0.21748   0.17562   2.13855  14.61444  14.79630   0.17931  
 31  0.5686   5821.631121  x:  3.06958   0.74456   0.10772   0.50711   0.04716   0.89341   0.37504   0.27796   0.04594   0.21749   0.17563   2.13855  14.89184  15.07377   0.17931  
 32  0.2452   5821.631121  x:  3.06963   0.74456   0.10772   0.50711   0.04716   0.89343   0.37503   0.27797   0.04594   0.21749   0.17563   2.13855  15.71463  15.89652   0.17931  
 33  0.2557   5821.631121  x:  3.06963   0.74456   0.10772   0.50711   0.04716   0.89343   0.37503   0.27797   0.04594   0.21749   0.17563   2.13855  15.71463  15.89652   0.17931  
 34 54.0685   5821.631121  x:  3.06963   0.74456   0.10772   0.50711   0.04716   0.89343   0.37503   0.27797   0.04594   0.21749   0.17563   2.13855  15.71463  15.89652   0.17931  
 35  0.0118   5821.631121  x:  3.06963   0.74456   0.10772   0.50711   0.04716   0.89343   0.37503   0.27797   0.04594   0.21749   0.17563   2.13855  15.71463  15.89652   0.17931  
 36  0.0037   5821.631121  x:  3.06963   0.74456   0.10772   0.50711   0.04716   0.89342   0.37503   0.27796   0.04594   0.21749   0.17563   2.13855  15.71463  15.89653   0.17931  
 37  0.0034   5821.631121  x:  3.06963   0.74456   0.10772   0.50711   0.04716   0.89342   0.37504   0.27797   0.04594   0.21749   0.17563   2.13855  15.71462  15.89653   0.17931  
 38  0.0027   5821.631121  x:  3.06963   0.74456   0.10772   0.50711   0.04716   0.89342   0.37504   0.27797   0.04594   0.21749   0.17563   2.13855  15.71462  15.89653   0.17931  
 39  0.0013   5821.631121  x:  3.06963   0.74456   0.10772   0.50711   0.04716   0.89342   0.37503   0.27797   0.04594   0.21749   0.17563   2.13855  15.71462  15.89653   0.17931  
 40  0.0008   5821.631121  x:  3.06962   0.74456   0.10772   0.50711   0.04716   0.89342   0.37503   0.27797   0.04594   0.21749   0.17563   2.13855  15.71462  15.89653   0.17931  
 41  0.0019   5821.631121  x:  3.06962   0.74456   0.10772   0.50711   0.04716   0.89342   0.37504   0.27797   0.04594   0.21749   0.17563   2.13855  15.71461  15.89654   0.17931  
 42  0.0021   5821.631121  x:  3.06962   0.74456   0.10772   0.50711   0.04716   0.89342   0.37504   0.27797   0.04594   0.21749   0.17563   2.13855  15.71461  15.89654   0.17931  
 43  0.0004   5821.631121  x:  3.06961   0.74456   0.10772   0.50711   0.04716   0.89342   0.37504   0.27797   0.04594   0.21749   0.17563   2.13855  15.71461  15.89654   0.17931  
 44  0.0006   5821.631121  x:  3.06961   0.74456   0.10772   0.50711   0.04716   0.89342   0.37504   0.27797   0.04594   0.21749   0.17563   2.13855  15.71462  15.89654   0.17931  
 45  0.0008   5821.631121  x:  3.06961   0.74456   0.10772   0.50711   0.04716   0.89342   0.37504   0.27797   0.04594   0.21749   0.17563   2.13855  15.71462  15.89654   0.17931  
 46  0.0004   5821.631121  x:  3.06960   0.74456   0.10772   0.50711   0.04716   0.89342   0.37504   0.27797   0.04594   0.21749   0.17563   2.13855  15.71462  15.89653   0.17931  
 47  0.0003   5821.631121  x:  3.06960   0.74456   0.10772   0.50711   0.04716   0.89342   0.37504   0.27797   0.04594   0.21749   0.17563   2.13855  15.71462  15.89654   0.17931  
 48  0.0000   5821.631121  x:  3.06960   0.74456   0.10772   0.50711   0.04716   0.89342   0.37504   0.27797   0.04594   0.21749   0.17563   2.13855  15.71462  15.89654   0.17931  