Supplemental results for CODEML (seqf: align.fa  treef: tree.nwk)


MLEs of dN/dS (w) for site classes (K=11)

p:   0.07210  0.07210  0.07210  0.07210  0.07210  0.07210  0.07210  0.07210  0.07210  0.07210  0.27898
w:   0.01151  0.06084  0.13166  0.21848  0.31830  0.42895  0.54859  0.67537  0.80695  0.93911  1.00000

Naive Empirical Bayes (NEB) probabilities for 11 classes & postmean_w
(amino acids refer to 1st sequence: xeno|270561947)

   1 M   0.43303 0.28175 0.15351 0.07416 0.03294 0.01387 0.00570 0.00235 0.00100 0.00045 0.00123 ( 1)  0.082
   2 S   0.37205 0.26350 0.16290 0.09246 0.04978 0.02607 0.01356 0.00713 0.00385 0.00217 0.00654 ( 1)  0.113
   3 V   0.00001 0.00083 0.00626 0.02013 0.04192 0.06697 0.08955 0.10563 0.11381 0.11497 0.43992 (11)  0.808
   4 W   0.00060 0.01327 0.04449 0.08187 0.11037 0.12259 0.11937 0.10591 0.08805 0.07033 0.24314 (11)  0.630
   5 F   0.00700 0.03620 0.07160 0.10056 0.11584 0.11684 0.10738 0.09246 0.07624 0.06146 0.21440 (11)  0.576
   6 T   0.00000 0.00000 0.00003 0.00043 0.00259 0.00955 0.02526 0.05296 0.09378 0.14585 0.66954 (11)  0.937
   7 W   0.00922 0.04253 0.07580 0.09928 0.11035 0.11039 0.10252 0.09015 0.07617 0.06277 0.22082 (11)  0.575
   8 A   0.00002 0.00218 0.01431 0.03909 0.06880 0.09331 0.10719 0.11049 0.10616 0.09774 0.36072 (11)  0.744
   9 F   0.00110 0.02271 0.06909 0.11377 0.13639 0.13483 0.11767 0.09470 0.07250 0.05426 0.18299 (11)  0.558
  10 L   0.25856 0.21182 0.16016 0.11486 0.07945 0.05368 0.03579 0.02377 0.01587 0.01080 0.03524 ( 1)  0.204
  11 I   0.00000 0.00015 0.00204 0.00876 0.02167 0.03945 0.06009 0.08237 0.10594 0.13036 0.54916 (11)  0.872
  12 S   0.00001 0.00132 0.00957 0.02920 0.05717 0.08512 0.10527 0.11411 0.11252 0.10395 0.38177 (11)  0.767
  13 Q   0.00000 0.00000 0.00006 0.00072 0.00398 0.01357 0.03329 0.06438 0.10395 0.14562 0.63442 (11)  0.924
  14 C   0.00057 0.01258 0.04261 0.07929 0.10802 0.12114 0.11899 0.10643 0.08919 0.07183 0.24935 (11)  0.636
  15 F   0.00031 0.01121 0.05068 0.10658 0.14678 0.15441 0.13545 0.10489 0.07479 0.05100 0.16391 (11)  0.561
  16 V   0.00075 0.01590 0.05089 0.08915 0.11470 0.12242 0.11579 0.10113 0.08398 0.06796 0.23733 (11)  0.617
  17 L   0.00000 0.00005 0.00089 0.00494 0.01558 0.03465 0.06068 0.08931 0.11528 0.13447 0.54416 (11)  0.878
  18 Q   0.00000 0.00011 0.00166 0.00828 0.02332 0.04643 0.07330 0.09827 0.11700 0.12776 0.50387 (11)  0.854
  19 I   0.00164 0.03181 0.08958 0.13549 0.14926 0.13647 0.11130 0.08479 0.06232 0.04541 0.15193 (11)  0.513
  20 A   0.02040 0.08610 0.13442 0.14951 0.13847 0.11468 0.08866 0.06591 0.04816 0.03526 0.11844 ( 4)  0.433
  21 G   0.32220 0.24666 0.16891 0.10706 0.06416 0.03697 0.02080 0.01159 0.00650 0.00375 0.01138 ( 1)  0.140
  22 L   0.00001 0.00074 0.00564 0.01829 0.03847 0.06229 0.08477 0.10224 0.11312 0.11768 0.45675 (11)  0.818
  23 L   0.01186 0.05186 0.08700 0.10789 0.11473 0.11085 0.10011 0.08596 0.07113 0.05757 0.20103 (11)  0.548
  24 H   0.04871 0.17525 0.22091 0.19273 0.13785 0.08753 0.05180 0.02958 0.01675 0.00966 0.02924 ( 3)  0.264
  25 P   0.00131 0.02681 0.08067 0.13046 0.15223 0.14489 0.12024 0.09082 0.06448 0.04438 0.14371 ( 5)  0.516
  26 P   0.37776 0.26731 0.16424 0.09182 0.04810 0.02417 0.01189 0.00584 0.00292 0.00152 0.00443 ( 1)  0.107
  27 L   0.00000 0.00053 0.00395 0.01274 0.02742 0.04672 0.06844 0.09022 0.11003 0.12641 0.51353 (11)  0.852
  28 N   0.45884 0.28061 0.14265 0.06538 0.02854 0.01236 0.00546 0.00251 0.00121 0.00062 0.00182 ( 1)  0.078
  29 V   0.31938 0.24154 0.16387 0.10405 0.06355 0.03814 0.02290 0.01395 0.00872 0.00567 0.01822 ( 1)  0.152
  30 T   0.00002 0.00196 0.01273 0.03465 0.06136 0.08469 0.10009 0.10703 0.10721 0.10296 0.38728 (11)  0.763
  31 T   0.00004 0.00367 0.02219 0.05527 0.08841 0.10926 0.11519 0.11000 0.09892 0.08616 0.31090 (11)  0.699
  32 I   0.00203 0.03911 0.10849 0.15998 0.16951 0.14660 0.11101 0.07704 0.05068 0.03265 0.10290 ( 5)  0.456
  33 S   0.30176 0.23590 0.16679 0.11025 0.06954 0.04252 0.02554 0.01525 0.00917 0.00565 0.01762 ( 1)  0.159
  34 R   0.01513 0.06585 0.10827 0.12908 0.12965 0.11685 0.09784 0.07786 0.05992 0.04540 0.15415 (11)  0.489
  35 N   0.41033 0.27254 0.15490 0.08042 0.03983 0.01945 0.00958 0.00484 0.00254 0.00140 0.00416 ( 1)  0.096
  36 F   0.00001 0.00133 0.00922 0.02694 0.05105 0.07490 0.09341 0.10475 0.10954 0.10950 0.41933 (11)  0.788
  37 R   0.05149 0.18454 0.23081 0.19849 0.13855 0.08466 0.04739 0.02511 0.01295 0.00672 0.01930 ( 3)  0.245
  38 L   0.27687 0.22301 0.16442 0.11419 0.07601 0.04913 0.03118 0.01963 0.01238 0.00795 0.02524 ( 1)  0.182
  39 F   0.41985 0.27743 0.15533 0.07822 0.03683 0.01673 0.00753 0.00343 0.00161 0.00080 0.00226 ( 1)  0.089
  40 L   0.30198 0.23672 0.16780 0.11103 0.06989 0.04247 0.02522 0.01482 0.00872 0.00523 0.01612 ( 1)  0.157
  41 T   0.03765 0.13960 0.18498 0.17338 0.13648 0.09774 0.06676 0.04481 0.03015 0.02069 0.06777 ( 3)  0.335
  42 W   0.20965 0.18289 0.15043 0.11854 0.09027 0.06688 0.04846 0.03453 0.02436 0.01721 0.05678 ( 1)  0.259
  43 A   0.00124 0.02562 0.07787 0.12727 0.15004 0.14423 0.12084 0.09213 0.06601 0.04582 0.14894 ( 5)  0.523
  44 P   0.35998 0.26161 0.16666 0.09710 0.05315 0.02792 0.01435 0.00735 0.00381 0.00205 0.00603 ( 1)  0.116
  45 D   0.00005 0.00460 0.02727 0.06628 0.10284 0.12245 0.12342 0.11176 0.09459 0.07713 0.26961 (11)  0.665
  46 P   0.00035 0.00762 0.02603 0.05080 0.07511 0.09358 0.10357 0.10529 0.10086 0.09301 0.34377 (11)  0.719
  47 R   0.00000 0.00000 0.00013 0.00152 0.00759 0.02279 0.04865 0.08156 0.11460 0.14118 0.58199 (11)  0.901
  48 N   0.00319 0.05508 0.13314 0.17091 0.16110 0.12882 0.09455 0.06665 0.04638 0.03257 0.10762 ( 4)  0.437
  49 P   0.00101 0.02090 0.06403 0.10637 0.12895 0.12933 0.11508 0.09511 0.07549 0.05917 0.20457 (11)  0.578
  50 P   0.00038 0.00997 0.03854 0.07809 0.11104 0.12599 0.12284 0.10813 0.08910 0.07086 0.24505 (11)  0.636
  51 N   0.00000 0.00023 0.00335 0.01514 0.03825 0.06777 0.09480 0.11244 0.11867 0.11562 0.43373 (11)  0.811
  52 V   0.39205 0.26926 0.15965 0.08645 0.04435 0.02219 0.01107 0.00562 0.00294 0.00161 0.00481 ( 1)  0.103
  53 S   0.00068 0.01457 0.04734 0.08437 0.11052 0.12010 0.11555 0.10250 0.08627 0.07057 0.24754 (11)  0.628
  54 Y   0.37878 0.26600 0.16244 0.09082 0.04803 0.02463 0.01249 0.00637 0.00332 0.00180 0.00531 ( 1)  0.108
  55 Q   0.00005 0.00434 0.02645 0.06680 0.10686 0.12923 0.12995 0.11540 0.09445 0.07383 0.25264 (11)  0.655
  56 V   0.36645 0.26171 0.16367 0.09415 0.05141 0.02728 0.01435 0.00760 0.00411 0.00231 0.00695 ( 1)  0.116
  57 A   0.00000 0.00030 0.00265 0.01011 0.02489 0.04649 0.07169 0.09594 0.11526 0.12740 0.50525 (11)  0.852
  58 Y   0.31335 0.24138 0.16728 0.10805 0.06649 0.03962 0.02318 0.01348 0.00789 0.00472 0.01455 ( 1)  0.149
  59 Y   0.00000 0.00001 0.00018 0.00160 0.00695 0.01973 0.04205 0.07290 0.10823 0.14238 0.60596 (11)  0.910
  60 M   0.00000 0.00088 0.01066 0.03996 0.08220 0.11744 0.13199 0.12602 0.10780 0.08625 0.29682 (11)  0.709
  61 F   0.00001 0.00094 0.00689 0.02105 0.04157 0.06363 0.08328 0.09871 0.10963 0.11639 0.45789 (11)  0.814
  62 I   0.00000 0.00033 0.00439 0.01835 0.04316 0.07207 0.09652 0.11140 0.11610 0.11297 0.42472 (11)  0.802
  63 E   0.00000 0.00065 0.00791 0.03017 0.06398 0.09573 0.11464 0.11861 0.11154 0.09896 0.35780 (11)  0.753
  64 K   0.00005 0.00480 0.02921 0.07260 0.11382 0.13468 0.13239 0.11481 0.09166 0.06984 0.23614 (11)  0.640
  65 K   0.03637 0.13858 0.18958 0.18246 0.14540 0.10318 0.06802 0.04287 0.02643 0.01633 0.05078 ( 3)  0.318
  66 W   0.20965 0.18289 0.15043 0.11854 0.09027 0.06688 0.04846 0.03453 0.02436 0.01721 0.05678 ( 1)  0.259
  67 N   0.00063 0.01382 0.04602 0.08365 0.11105 0.12155 0.11717 0.10369 0.08674 0.07031 0.24538 (11)  0.628
  68 K   0.00000 0.00000 0.00001 0.00015 0.00110 0.00495 0.01583 0.03965 0.08229 0.14641 0.70961 (11)  0.951
  69 -   0.01742 0.07467 0.12003 0.13919 0.13541 0.11787 0.09516 0.07298 0.05421 0.03978 0.13327 ( 4)  0.460
  70 K   0.00068 0.01524 0.05132 0.09387 0.12418 0.13364 0.12467 0.10501 0.08231 0.06177 0.20731 (11)  0.596
  71 N   0.00000 0.00000 0.00011 0.00117 0.00589 0.01833 0.04117 0.07316 0.10932 0.14327 0.60757 (11)  0.912
  72 C   0.35435 0.26025 0.16810 0.09935 0.05502 0.02908 0.01490 0.00752 0.00380 0.00197 0.00567 ( 1)  0.118
  73 R   0.00000 0.00048 0.00624 0.02559 0.05808 0.09197 0.11477 0.12160 0.11517 0.10150 0.36460 (11)  0.762
  74 N   0.46965 0.28216 0.13980 0.06208 0.02613 0.01087 0.00460 0.00202 0.00093 0.00046 0.00130 ( 1)  0.074
  75 I   0.03360 0.12756 0.17451 0.16948 0.13824 0.10229 0.07181 0.04922 0.03360 0.02326 0.07642 ( 3)  0.354
  76 T   0.02405 0.09741 0.14535 0.15539 0.13948 0.11267 0.08521 0.06189 0.04401 0.03123 0.10330 ( 4)  0.409
  77 G   0.00000 0.00033 0.00368 0.01518 0.03691 0.06458 0.09057 0.10881 0.11723 0.11720 0.44550 (11)  0.817
  78 K   0.04041 0.15051 0.19960 0.18548 0.14259 0.09782 0.06262 0.03857 0.02341 0.01436 0.04461 ( 3)  0.301
  79 E   0.03128 0.12107 0.16978 0.16911 0.14096 0.10587 0.07481 0.05120 0.03468 0.02374 0.07752 ( 3)  0.361
  80 C   0.37157 0.26635 0.16623 0.09428 0.04988 0.02512 0.01227 0.00592 0.00287 0.00144 0.00409 ( 1)  0.108
  81 D   0.00003 0.00299 0.01868 0.04826 0.08017 0.10284 0.11233 0.11077 0.10235 0.09098 0.33060 (11)  0.718
  82 L   0.00004 0.00437 0.02674 0.06702 0.10637 0.12796 0.12847 0.11437 0.09422 0.07439 0.25605 (11)  0.657
  83 T   0.33343 0.24887 0.16547 0.10227 0.06038 0.03478 0.01988 0.01144 0.00671 0.00408 0.01269 ( 1)  0.138
  84 C   0.35435 0.26025 0.16810 0.09935 0.05502 0.02908 0.01490 0.00752 0.00380 0.00197 0.00567 ( 1)  0.118
  85 L   0.00000 0.00008 0.00130 0.00675 0.01985 0.04125 0.06783 0.09443 0.11629 0.13069 0.52152 (11)  0.865
  86 F   0.00155 0.03055 0.08768 0.13495 0.15058 0.13861 0.11312 0.08579 0.06250 0.04501 0.14965 ( 5)  0.513
  87 Y   0.00026 0.00600 0.02200 0.04523 0.06925 0.08857 0.10046 0.10478 0.10299 0.09728 0.36318 (11)  0.737
  88 T   0.00002 0.00221 0.01469 0.04074 0.07250 0.09869 0.11272 0.11425 0.10675 0.09470 0.34272 (11)  0.733
  89 H   0.00000 0.00001 0.00017 0.00115 0.00472 0.01384 0.03179 0.06056 0.09945 0.14457 0.64373 (11)  0.926
  90 N   0.00004 0.00360 0.02111 0.05129 0.08094 0.10029 0.10781 0.10650 0.10003 0.09135 0.33704 (11)  0.718
  91 Y   0.00800 0.04378 0.08860 0.12295 0.13616 0.12940 0.11036 0.08721 0.06550 0.04797 0.16005 (11)  0.518
  92 I   0.00000 0.00000 0.00004 0.00054 0.00307 0.01075 0.02731 0.05551 0.09587 0.14565 0.66125 (11)  0.934
  93 V   0.39205 0.26926 0.15965 0.08645 0.04435 0.02219 0.01107 0.00562 0.00294 0.00161 0.00481 ( 1)  0.103
  94 G   0.00000 0.00035 0.00287 0.01024 0.02401 0.04358 0.06663 0.09015 0.11145 0.12857 0.52215 (11)  0.859
  95 V   0.29216 0.22973 0.16408 0.11016 0.07106 0.04480 0.02802 0.01760 0.01123 0.00738 0.02378 ( 1)  0.172
  96 R   0.00040 0.00888 0.03038 0.05779 0.08175 0.09706 0.10317 0.10219 0.09684 0.08948 0.33207 (11)  0.705
  97 T   0.00057 0.01276 0.04290 0.07791 0.10292 0.11262 0.10992 0.10026 0.08813 0.07630 0.27571 (11)  0.651
  98 K   0.00000 0.00015 0.00225 0.01061 0.02813 0.05280 0.07905 0.10137 0.11657 0.12408 0.48499 (11)  0.842
  99 F   0.00173 0.03350 0.09424 0.14183 0.15473 0.13940 0.11153 0.08303 0.05942 0.04203 0.13857 ( 5)  0.498
 100 G   0.00001 0.00165 0.01159 0.03419 0.06468 0.09307 0.11125 0.11653 0.11095 0.09890 0.35719 (11)  0.749
 101 S   0.02707 0.10789 0.15718 0.16308 0.14142 0.11014 0.08034 0.05649 0.03915 0.02732 0.08994 ( 4)  0.385
 102 S   0.00000 0.00000 0.00003 0.00049 0.00302 0.01119 0.02940 0.06003 0.10125 0.14676 0.64783 (11)  0.930
 103 M   0.00053 0.01313 0.04835 0.09392 0.12821 0.13917 0.12886 0.10666 0.08177 0.05999 0.19941 (11)  0.593
 104 S   0.32692 0.24725 0.16710 0.10490 0.06266 0.03626 0.02063 0.01169 0.00668 0.00392 0.01198 ( 1)  0.139
 105 K   0.00005 0.00137 0.00568 0.01380 0.02598 0.04208 0.06151 0.08327 0.10598 0.12795 0.53233 (11)  0.858
 106 W   0.20965 0.18289 0.15043 0.11854 0.09027 0.06688 0.04846 0.03453 0.02436 0.01721 0.05678 ( 1)  0.259
 107 E   0.00119 0.02469 0.07497 0.12202 0.14338 0.13818 0.11730 0.09185 0.06856 0.05018 0.16769 (11)  0.539
 108 E   0.00027 0.00686 0.02674 0.05673 0.08667 0.10720 0.11461 0.11057 0.09938 0.08547 0.30549 (11)  0.693
 109 I   0.00191 0.03536 0.09445 0.13634 0.14552 0.13129 0.10745 0.08308 0.06229 0.04628 0.15603 (11)  0.512
 110 K   0.00000 0.00015 0.00222 0.01053 0.02813 0.05312 0.07975 0.10216 0.11701 0.12390 0.48304 (11)  0.841
 111 D   0.07415 0.23835 0.25775 0.18901 0.11294 0.06019 0.03026 0.01493 0.00743 0.00385 0.01114 ( 3)  0.200
 112 I   0.43929 0.27779 0.14785 0.07144 0.03297 0.01509 0.00702 0.00337 0.00169 0.00089 0.00262 ( 1)  0.085
 113 S   0.00000 0.00001 0.00027 0.00227 0.00946 0.02548 0.05106 0.08267 0.11418 0.13966 0.57495 (11)  0.897
 114 Y   0.30110 0.23550 0.16668 0.11036 0.06976 0.04276 0.02574 0.01540 0.00926 0.00569 0.01774 ( 1)  0.159
 115 I   0.00002 0.00236 0.01444 0.03769 0.06537 0.08948 0.10493 0.11044 0.10767 0.09971 0.36788 (11)  0.750
 116 F   0.00258 0.04676 0.12013 0.16356 0.16177 0.13374 0.10011 0.07128 0.04980 0.03496 0.11530 ( 4)  0.455
 117 T   0.39612 0.26985 0.15842 0.08500 0.04333 0.02162 0.01081 0.00551 0.00291 0.00161 0.00482 ( 1)  0.102
 118 V   0.26845 0.21766 0.16220 0.11434 0.07757 0.05131 0.03343 0.02166 0.01408 0.00932 0.03000 ( 1)  0.192
 119 D   0.05086 0.17874 0.21939 0.18737 0.13274 0.08482 0.05143 0.03058 0.01824 0.01115 0.03469 ( 3)  0.269
 120 P   0.35362 0.25914 0.16708 0.09877 0.05496 0.02940 0.01541 0.00805 0.00426 0.00234 0.00696 ( 1)  0.120
 121 E   0.01889 0.08060 0.12858 0.14726 0.14066 0.11948 0.09362 0.06943 0.04978 0.03529 0.11641 ( 4)  0.438
 122 A   0.03297 0.12863 0.18125 0.17976 0.14726 0.10707 0.07210 0.04632 0.02908 0.01828 0.05729 ( 3)  0.333
 123 P   0.35301 0.25890 0.16711 0.09893 0.05514 0.02955 0.01551 0.00812 0.00431 0.00237 0.00705 ( 1)  0.120
 124 T   0.00003 0.00279 0.01810 0.04846 0.08254 0.10714 0.11677 0.11350 0.10254 0.08887 0.31926 (11)  0.712
 125 L   0.01933 0.08045 0.12466 0.13941 0.13160 0.11234 0.09018 0.06984 0.05318 0.04051 0.13850 ( 4)  0.458
 126 E   0.00129 0.02720 0.08393 0.13722 0.15940 0.14912 0.12058 0.08839 0.06092 0.04088 0.13108 ( 5)  0.502
 127 V   0.39205 0.26926 0.15965 0.08645 0.04435 0.02219 0.01107 0.00562 0.00294 0.00161 0.00481 ( 1)  0.103
 128 K   0.00101 0.02148 0.06737 0.11333 0.13745 0.13640 0.11889 0.09529 0.07259 0.05408 0.18211 (11)  0.558
 129 F   0.00000 0.00006 0.00103 0.00572 0.01784 0.03883 0.06607 0.09406 0.11723 0.13218 0.52700 (11)  0.869
 130 V   0.02316 0.09577 0.14628 0.15944 0.14467 0.11683 0.08725 0.06184 0.04246 0.02887 0.09344 ( 4)  0.401
 131 D   0.00312 0.05544 0.13841 0.18193 0.17249 0.13553 0.09553 0.06351 0.04124 0.02691 0.08589 ( 4)  0.414
 132 K   0.00001 0.00078 0.00702 0.02509 0.05448 0.08617 0.10960 0.11925 0.11594 0.10432 0.37734 (11)  0.770
 133 S   0.00000 0.00001 0.00032 0.00266 0.01075 0.02810 0.05468 0.08608 0.11578 0.13826 0.56336 (11)  0.891
 134 M   0.00000 0.00021 0.00304 0.01411 0.03638 0.06539 0.09245 0.11077 0.11833 0.11700 0.44232 (11)  0.816
 135 Y   0.00001 0.00101 0.00789 0.02572 0.05309 0.08219 0.10440 0.11509 0.11452 0.10615 0.38994 (11)  0.776
 136 I   0.00098 0.02087 0.06558 0.11052 0.13449 0.13430 0.11818 0.09588 0.07404 0.05589 0.18926 (11)  0.566
 137 N   0.00008 0.00762 0.04148 0.09133 0.12769 0.13722 0.12576 0.10474 0.08261 0.06367 0.21779 (11)  0.609
 138 A   0.00000 0.00001 0.00020 0.00166 0.00690 0.01891 0.03950 0.06845 0.10374 0.14197 0.61867 (11)  0.914
 139 A   0.00000 0.00002 0.00054 0.00404 0.01482 0.03530 0.06311 0.09234 0.11714 0.13409 0.53861 (11)  0.877
 140 V   0.00000 0.00000 0.00003 0.00043 0.00263 0.00989 0.02647 0.05546 0.09681 0.14653 0.66174 (11)  0.935
 141 K   0.00000 0.00007 0.00116 0.00594 0.01740 0.03648 0.06128 0.08812 0.11307 0.13312 0.54336 (11)  0.875
 142 T   0.00000 0.00001 0.00025 0.00175 0.00699 0.01940 0.04125 0.07173 0.10712 0.14228 0.60921 (11)  0.911
 143 P   0.35005 0.25769 0.16723 0.09966 0.05598 0.03026 0.01604 0.00848 0.00454 0.00252 0.00754 ( 1)  0.122
 144 H   0.00000 0.00000 0.00000 0.00004 0.00041 0.00246 0.00992 0.03002 0.07254 0.14554 0.73906 (11)  0.961
 145 C   0.28915 0.23119 0.16817 0.11438 0.07391 0.04593 0.02773 0.01644 0.00968 0.00577 0.01766 ( 1)  0.165
 146 I   0.00000 0.00059 0.00535 0.01902 0.04137 0.06689 0.08937 0.10514 0.11343 0.11535 0.44350 (11)  0.810
 147 K   0.00000 0.00001 0.00023 0.00185 0.00759 0.02066 0.04275 0.07283 0.10740 0.14164 0.60503 (11)  0.909
 148 D   0.00000 0.00000 0.00005 0.00058 0.00313 0.01083 0.02760 0.05627 0.09692 0.14594 0.65868 (11)  0.933
 149 I   0.00000 0.00011 0.00156 0.00706 0.01861 0.03621 0.05845 0.08337 0.10887 0.13276 0.55299 (11)  0.877
 150 Y   0.00001 0.00166 0.01156 0.03381 0.06347 0.09093 0.10870 0.11450 0.11029 0.10007 0.36501 (11)  0.753
 151 -   0.02073 0.08723 0.13652 0.15303 0.14300 0.11887 0.09118 0.06618 0.04639 0.03212 0.10477 ( 4)  0.421
 152 -   0.00000 0.00000 0.00002 0.00020 0.00122 0.00501 0.01539 0.03821 0.08013 0.14563 0.71420 (11)  0.952
 153 -   0.00738 0.03515 0.06523 0.08912 0.10318 0.10721 0.10308 0.09357 0.08143 0.06898 0.24568 (11)  0.605
 154 N   0.00000 0.00007 0.00122 0.00644 0.01922 0.04038 0.06697 0.09384 0.11617 0.13117 0.52452 (11)  0.867
 155 L   0.01837 0.07822 0.12467 0.14311 0.13767 0.11835 0.09424 0.07121 0.05203 0.03752 0.12462 ( 4)  0.449
 156 K   0.00000 0.00004 0.00070 0.00392 0.01243 0.02811 0.05080 0.07855 0.10846 0.13734 0.57965 (11)  0.894
 157 Y   0.03824 0.14413 0.19419 0.18362 0.14368 0.10027 0.06524 0.04081 0.02516 0.01567 0.04901 ( 3)  0.311
 158 N   0.00000 0.00000 0.00011 0.00132 0.00662 0.02008 0.04367 0.07533 0.11005 0.14218 0.60063 (11)  0.909
 159 I   0.02496 0.10043 0.14849 0.15706 0.13939 0.11140 0.08349 0.06029 0.04282 0.03049 0.10118 ( 4)  0.403
 160 E   0.00000 0.00036 0.00300 0.01073 0.02505 0.04512 0.06829 0.09141 0.11181 0.12773 0.51649 (11)  0.856
 161 N   0.00000 0.00012 0.00166 0.00750 0.01973 0.03822 0.06119 0.08613 0.11045 0.13181 0.54318 (11)  0.872
 162 A   0.00000 0.00046 0.00617 0.02572 0.05898 0.09373 0.11670 0.12285 0.11528 0.10057 0.35955 (11)  0.759
 163 P   0.00000 0.00012 0.00182 0.00869 0.02349 0.04522 0.06994 0.09348 0.11320 0.12803 0.51600 (11)  0.858
 164 K   0.00000 0.00018 0.00288 0.01405 0.03727 0.06791 0.09618 0.11429 0.12000 0.11572 0.43152 (11)  0.811
 165 Q   0.00885 0.04311 0.08067 0.10866 0.12133 0.11933 0.10712 0.08994 0.07204 0.05619 0.19276 (11)  0.550
 166 I   0.00111 0.02250 0.06727 0.10919 0.12994 0.12881 0.11401 0.09409 0.07459 0.05818 0.20031 (11)  0.572
 167 K   0.00221 0.04127 0.11049 0.15774 0.16331 0.13992 0.10671 0.07588 0.05202 0.03543 0.11501 ( 5)  0.464
 168 F   0.00118 0.02390 0.07159 0.11591 0.13676 0.13346 0.11552 0.09276 0.07135 0.05402 0.18357 (11)  0.555
 169 K   0.00226 0.04245 0.11396 0.16238 0.16691 0.14129 0.10610 0.07415 0.04991 0.03334 0.10725 ( 5)  0.454
 170 E   0.02647 0.10698 0.15851 0.16696 0.14619 0.11395 0.08223 0.05643 0.03761 0.02492 0.07977 ( 4)  0.376
 171 V   0.00110 0.02309 0.07152 0.11890 0.14254 0.13969 0.11992 0.09428 0.07010 0.05071 0.16815 (11)  0.544
 172 K   0.00000 0.00001 0.00016 0.00126 0.00531 0.01530 0.03402 0.06272 0.10043 0.14370 0.63709 (11)  0.923
 173 M   0.00001 0.00167 0.01380 0.04411 0.08443 0.11686 0.12980 0.12371 0.10613 0.08530 0.29418 (11)  0.703
 174 N   0.00000 0.00001 0.00016 0.00131 0.00554 0.01598 0.03535 0.06458 0.10205 0.14364 0.63137 (11)  0.921
 175 S   0.00002 0.00235 0.01475 0.03876 0.06626 0.08858 0.10194 0.10681 0.10538 0.10011 0.37502 (11)  0.752
 176 A   0.00068 0.01454 0.04716 0.08389 0.10965 0.11902 0.11458 0.10197 0.08634 0.07123 0.25094 (11)  0.631
 177 V   0.00000 0.00024 0.00324 0.01423 0.03520 0.06193 0.08736 0.10615 0.11634 0.11882 0.45650 (11)  0.823
 178 I   0.00004 0.00362 0.02225 0.05638 0.09140 0.11369 0.11953 0.11270 0.09910 0.08377 0.29753 (11)  0.691
 179 L   0.00000 0.00001 0.00025 0.00173 0.00680 0.01860 0.03940 0.06906 0.10490 0.14245 0.61680 (11)  0.914
 180 D   0.00327 0.05887 0.14846 0.19565 0.18348 0.14004 0.09391 0.05823 0.03469 0.02059 0.06280 ( 4)  0.385
 181 T   0.04200 0.15207 0.19525 0.17677 0.13443 0.09325 0.06192 0.04058 0.02677 0.01808 0.05889 ( 3)  0.316
 182 T   0.00144 0.02897 0.08540 0.13521 0.15465 0.14466 0.11837 0.08845 0.06232 0.04266 0.13786 ( 5)  0.507
 183 G   0.32085 0.24624 0.16927 0.10780 0.06488 0.03747 0.02104 0.01163 0.00642 0.00361 0.01079 ( 1)  0.140
 184 L   0.00061 0.01335 0.04460 0.08183 0.11003 0.12200 0.11875 0.10551 0.08799 0.07061 0.24473 (11)  0.630
 185 S   0.00370 0.06458 0.15641 0.19765 0.17863 0.13290 0.08835 0.05543 0.03413 0.02131 0.06691 ( 4)  0.382
 186 G   0.31799 0.24496 0.16929 0.10849 0.06575 0.03824 0.02162 0.01202 0.00666 0.00376 0.01124 ( 1)  0.142
 187 N   0.00293 0.05367 0.13864 0.18786 0.18148 0.14271 0.09845 0.06263 0.03812 0.02299 0.07052 ( 4)  0.401
 188 Y   0.34647 0.25461 0.16563 0.09969 0.05707 0.03173 0.01742 0.00958 0.00535 0.00309 0.00938 ( 1)  0.127
 189 C   0.37311 0.26689 0.16606 0.09383 0.04943 0.02478 0.01204 0.00577 0.00278 0.00138 0.00393 ( 1)  0.107
 190 V   0.00003 0.00307 0.01871 0.04746 0.07797 0.09975 0.10945 0.10905 0.10228 0.09260 0.33963 (11)  0.723
 191 E   0.03141 0.12568 0.18120 0.18227 0.15005 0.10882 0.07271 0.04620 0.02863 0.01775 0.05528 ( 4)  0.332
 192 A   0.00072 0.01519 0.04800 0.08342 0.10726 0.11552 0.11138 0.10011 0.08625 0.07277 0.25938 (11)  0.635
 193 L   0.00002 0.00236 0.01589 0.04449 0.07934 0.10718 0.12011 0.11811 0.10599 0.08966 0.31686 (11)  0.715
 194 T   0.35851 0.25650 0.16153 0.09443 0.05309 0.02950 0.01655 0.00952 0.00567 0.00353 0.01116 ( 1)  0.126
 195 V   0.00002 0.00266 0.01733 0.04686 0.08105 0.10696 0.11817 0.11566 0.10425 0.08925 0.31779 (11)  0.713
 196 F   0.00139 0.02681 0.07493 0.11331 0.12675 0.12046 0.10502 0.08787 0.07239 0.05965 0.21141 (11)  0.571
 197 T   0.00112 0.02332 0.07112 0.11633 0.13770 0.13429 0.11602 0.09298 0.07132 0.05374 0.18206 (11)  0.554
 198 M   0.00077 0.01781 0.06079 0.10903 0.13786 0.13989 0.12285 0.09822 0.07424 0.05480 0.18375 (11)  0.566
 199 E   0.00000 0.00001 0.00030 0.00241 0.00963 0.02510 0.04930 0.07948 0.11107 0.13943 0.58328 (11)  0.899
 200 Q   0.00001 0.00094 0.00899 0.03224 0.06800 0.10243 0.12255 0.12456 0.11283 0.09479 0.33266 (11)  0.738
 201 K   0.00000 0.00000 0.00014 0.00158 0.00771 0.02275 0.04806 0.08030 0.11330 0.14103 0.58512 (11)  0.902
 202 K   0.43078 0.27798 0.15144 0.07451 0.03459 0.01567 0.00710 0.00328 0.00157 0.00079 0.00228 ( 1)  0.086
 203 I   0.00000 0.00000 0.00000 0.00009 0.00079 0.00412 0.01452 0.03853 0.08228 0.14735 0.71231 (11)  0.953
 204 S   0.34821 0.25811 0.16880 0.10116 0.05682 0.03044 0.01581 0.00808 0.00413 0.00216 0.00628 ( 1)  0.121
 205 Q   0.00000 0.00014 0.00207 0.00981 0.02638 0.05033 0.07662 0.09981 0.11641 0.12547 0.49298 (11)  0.847
 206 P   0.00002 0.00222 0.01514 0.04296 0.07760 0.10605 0.11999 0.11880 0.10701 0.09055 0.31968 (11)  0.719
 207 S   0.30176 0.23590 0.16679 0.11025 0.06954 0.04252 0.02554 0.01525 0.00917 0.00565 0.01762 ( 1)  0.159
 208 K   0.00000 0.00000 0.00000 0.00006 0.00065 0.00372 0.01376 0.03744 0.08123 0.14727 0.71587 (11)  0.954
 209 P   0.36237 0.26239 0.16634 0.09639 0.05246 0.02740 0.01401 0.00714 0.00369 0.00198 0.00582 ( 1)  0.115
 210 F   0.00044 0.01099 0.04067 0.07951 0.11017 0.12318 0.11968 0.10600 0.08848 0.07153 0.24935 (11)  0.636
 211 C   0.28491 0.22894 0.16771 0.11503 0.07503 0.04709 0.02873 0.01721 0.01024 0.00616 0.01894 ( 1)  0.169
 212 H   0.00072 0.01536 0.04918 0.08629 0.11143 0.11975 0.11442 0.10126 0.08534 0.07006 0.24619 (11)  0.625
 213 L   0.00005 0.00514 0.03108 0.07653 0.11866 0.13857 0.13412 0.11430 0.08959 0.06704 0.22492 (11)  0.629
 214 F   0.00005 0.00467 0.02733 0.06538 0.09976 0.11723 0.11765 0.10759 0.09361 0.07989 0.28684 (11)  0.675
 215 -   0.00022 0.00528 0.01986 0.04199 0.06604 0.08650 0.10001 0.10576 0.10480 0.09924 0.37031 (11)  0.745
 216 -   0.00024 0.00571 0.02158 0.04564 0.07145 0.09259 0.10523 0.10862 0.10438 0.09532 0.34925 (11)  0.730
 217 K   0.05069 0.17911 0.22130 0.18998 0.13472 0.08554 0.05105 0.02960 0.01709 0.01008 0.03085 ( 3)  0.264
 218 D   0.45954 0.28259 0.14380 0.06525 0.02777 0.01153 0.00482 0.00207 0.00093 0.00045 0.00126 ( 1)  0.076
 219 E   0.00003 0.00306 0.01900 0.04904 0.08172 0.10532 0.11522 0.11302 0.10296 0.08950 0.32114 (11)  0.712
 220 E   0.00000 0.00000 0.00001 0.00019 0.00141 0.00621 0.01906 0.04513 0.08800 0.14706 0.69292 (11)  0.946
 221 Y   0.00000 0.00023 0.00308 0.01343 0.03309 0.05826 0.08278 0.10213 0.11461 0.12074 0.47164 (11)  0.831
 222 N   0.00101 0.02102 0.06514 0.10955 0.13418 0.13525 0.11983 0.09730 0.07463 0.05556 0.18654 (11)  0.565
 223 S   0.00000 0.00014 0.00182 0.00832 0.02235 0.04346 0.06828 0.09265 0.11345 0.12904 0.52047 (11)  0.861
 224 G   0.00000 0.00019 0.00279 0.01290 0.03343 0.06095 0.08797 0.10795 0.11817 0.11951 0.45614 (11)  0.825
 225 H   0.00000 0.00043 0.00298 0.00930 0.02070 0.03833 0.06176 0.08801 0.11262 0.13162 0.53424 (11)  0.868
 226 N   0.00000 0.00001 0.00044 0.00336 0.01256 0.03083 0.05723 0.08729 0.11529 0.13665 0.55634 (11)  0.886
 227 W   0.00000 0.00000 0.00002 0.00029 0.00199 0.00803 0.02294 0.05095 0.09345 0.14720 0.67513 (11)  0.940
 228 S   0.00000 0.00003 0.00057 0.00321 0.01040 0.02424 0.04545 0.07321 0.10547 0.13917 0.59824 (11)  0.903
 229 F   0.00000 0.00012 0.00180 0.00867 0.02366 0.04593 0.07138 0.09533 0.11456 0.12778 0.51075 (11)  0.856
 230 A   0.00000 0.00010 0.00146 0.00718 0.02013 0.04037 0.06506 0.09033 0.11291 0.13081 0.53166 (11)  0.868
 231 V   0.00000 0.00049 0.00609 0.02376 0.05188 0.08065 0.10138 0.11134 0.11229 0.10768 0.40444 (11)  0.784
 232 L   0.00000 0.00001 0.00018 0.00158 0.00673 0.01889 0.04009 0.06989 0.10543 0.14232 0.61487 (11)  0.913
 233 I   0.00003 0.00251 0.01488 0.03703 0.06086 0.08000 0.09281 0.10023 0.10372 0.10452 0.40342 (11)  0.768
 234 L   0.00000 0.00007 0.00120 0.00652 0.01973 0.04150 0.06837 0.09485 0.11632 0.13049 0.52096 (11)  0.865
 235 F   0.00000 0.00001 0.00044 0.00330 0.01214 0.02948 0.05452 0.08367 0.11245 0.13704 0.56695 (11)  0.890
 236 P   0.00000 0.00001 0.00028 0.00230 0.00921 0.02421 0.04805 0.07831 0.11052 0.13990 0.58721 (11)  0.901
 237 I   0.00015 0.00470 0.02118 0.04815 0.07604 0.09637 0.10625 0.10704 0.10175 0.09343 0.34495 (11)  0.725
 238 L   0.00004 0.00368 0.02271 0.05763 0.09328 0.11551 0.12059 0.11275 0.09835 0.08261 0.29286 (11)  0.687
 239 L   0.00000 0.00001 0.00012 0.00100 0.00463 0.01420 0.03277 0.06165 0.09983 0.14410 0.64170 (11)  0.925
 240 I   0.00000 0.00002 0.00064 0.00433 0.01458 0.03271 0.05684 0.08367 0.11031 0.13480 0.56210 (11)  0.885
 241 S   0.00000 0.00020 0.00289 0.01346 0.03492 0.06340 0.09071 0.10994 0.11857 0.11811 0.44779 (11)  0.820
 242 G   0.00000 0.00004 0.00068 0.00376 0.01200 0.02737 0.04992 0.07782 0.10816 0.13770 0.58256 (11)  0.896
 243 I   0.00000 0.00010 0.00150 0.00716 0.01958 0.03871 0.06225 0.08717 0.11088 0.13150 0.54114 (11)  0.872
 244 L   0.00036 0.00800 0.02733 0.05210 0.07433 0.08963 0.09752 0.09961 0.09802 0.09456 0.35854 (11)  0.725
 245 L   0.01036 0.04730 0.08255 0.10493 0.11265 0.10894 0.09850 0.08535 0.07223 0.06066 0.21652 (11)  0.563
 246 Y   0.00026 0.00604 0.02215 0.04554 0.06971 0.08908 0.10089 0.10502 0.10296 0.09695 0.36140 (11)  0.735
 247 T   0.00000 0.00000 0.00013 0.00117 0.00532 0.01581 0.03547 0.06504 0.10260 0.14380 0.63066 (11)  0.921
 248 S   0.00000 0.00001 0.00023 0.00168 0.00676 0.01863 0.03954 0.06936 0.10530 0.14258 0.61593 (11)  0.914
 249 -   0.00958 0.04356 0.07621 0.09798 0.10728 0.10635 0.09873 0.08770 0.07579 0.06467 0.23215 (11)  0.581
 250 -   0.01013 0.04591 0.07992 0.10204 0.11071 0.10851 0.09938 0.08694 0.07388 0.06196 0.22063 (11)  0.569
 251 -   0.00919 0.04196 0.07381 0.09548 0.10522 0.10505 0.09828 0.08808 0.07689 0.06638 0.23967 (11)  0.589
 252 -   0.24941 0.20740 0.15971 0.11663 0.08195 0.05604 0.03768 0.02516 0.01686 0.01151 0.03762 ( 1)  0.212
 253 -   0.00583 0.02785 0.05216 0.07267 0.08688 0.09443 0.09618 0.09356 0.08809 0.08121 0.30115 (11)  0.657
 254 -   0.18921 0.16796 0.14173 0.11532 0.09121 0.07057 0.05370 0.04038 0.03020 0.02268 0.07704 ( 1)  0.295
 255 -   0.00000 0.00030 0.00254 0.00922 0.02204 0.04082 0.06371 0.08793 0.11079 0.13011 0.53255 (11)  0.865
 256 -   0.21773 0.18793 0.15237 0.11812 0.08847 0.06451 0.04612 0.03253 0.02282 0.01612 0.05328 ( 1)  0.250
 257 -   0.00020 0.00482 0.01816 0.03857 0.06114 0.08106 0.09536 0.10314 0.10509 0.10276 0.38970 (11)  0.758
 258 S   0.00001 0.00110 0.00799 0.02456 0.04882 0.07446 0.09524 0.10785 0.11218 0.11023 0.41755 (11)  0.791
 259 P   0.00965 0.04373 0.07623 0.09771 0.10679 0.10585 0.09840 0.08763 0.07594 0.06492 0.23314 (11)  0.582
 260 D   0.40856 0.27315 0.15615 0.08116 0.03996 0.01926 0.00933 0.00465 0.00242 0.00134 0.00402 ( 1)  0.096
 261 I   0.00002 0.00202 0.01339 0.03713 0.06643 0.09153 0.10659 0.11100 0.10732 0.09904 0.36553 (11)  0.749
 262 L   0.01149 0.05137 0.08776 0.10969 0.11633 0.11138 0.09955 0.08487 0.07015 0.05709 0.20032 (11)  0.546
 263 A   0.00000 0.00009 0.00138 0.00704 0.02033 0.04158 0.06757 0.09346 0.11513 0.13034 0.52310 (11)  0.865
 264 K   0.00000 0.00004 0.00063 0.00364 0.01192 0.02758 0.05057 0.07875 0.10890 0.13767 0.58032 (11)  0.895
 265 Q   0.00122 0.02466 0.07354 0.11846 0.13892 0.13457 0.11548 0.09188 0.07005 0.05267 0.17856 (11)  0.549
 266 R   0.00000 0.00020 0.00273 0.01242 0.03217 0.05903 0.08602 0.10669 0.11803 0.12055 0.46215 (11)  0.828
 267 G   0.00000 0.00052 0.00406 0.01362 0.02987 0.05079 0.07304 0.09367 0.11090 0.12414 0.49937 (11)  0.844
 268 Q   0.00022 0.00536 0.02012 0.04241 0.06652 0.08690 0.10024 0.10577 0.10461 0.09891 0.36893 (11)  0.743
 269 L   0.00051 0.01129 0.03791 0.07037 0.09662 0.11053 0.11214 0.10486 0.09276 0.07936 0.28365 (11)  0.665
 270 L   0.00002 0.00229 0.01531 0.04242 0.07508 0.10124 0.11419 0.11422 0.10555 0.09307 0.33661 (11)  0.728
 271 W   0.00000 0.00000 0.00005 0.00048 0.00249 0.00867 0.02282 0.04904 0.09019 0.14581 0.68046 (11)  0.940
 272 I   0.00001 0.00110 0.00809 0.02510 0.05026 0.07697 0.09839 0.11064 0.11341 0.10892 0.40711 (11)  0.785
 273 F   0.00001 0.00126 0.00805 0.02177 0.03911 0.05670 0.07343 0.08947 0.10495 0.11937 0.48590 (11)  0.826
 274 P   0.31187 0.24035 0.16658 0.10761 0.06629 0.03969 0.02347 0.01393 0.00841 0.00525 0.01656 ( 1)  0.152
 275 D   0.00000 0.00003 0.00057 0.00349 0.01187 0.02805 0.05181 0.08047 0.11027 0.13757 0.57588 (11)  0.893
 276 -   0.00390 0.01910 0.03719 0.05440 0.06887 0.07988 0.08747 0.09211 0.09442 0.09508 0.36758 (11)  0.717
 277 -   0.00585 0.02797 0.05242 0.07309 0.08741 0.09497 0.09662 0.09379 0.08803 0.08081 0.29904 (11)  0.656
 278 -   0.00004 0.00115 0.00503 0.01275 0.02471 0.04072 0.06019 0.08219 0.10557 0.12881 0.53883 (11)  0.862
 279 -   0.23228 0.19681 0.15560 0.11725 0.08527 0.06045 0.04214 0.02914 0.02016 0.01415 0.04675 ( 1)  0.233
 280 -   0.00000 0.00019 0.00165 0.00635 0.01616 0.03202 0.05360 0.07943 0.10736 0.13482 0.56841 (11)  0.885
 281 -   0.00020 0.00489 0.01854 0.03958 0.06295 0.08348 0.09782 0.10490 0.10548 0.10136 0.38080 (11)  0.753
 282 -   0.00017 0.00422 0.01628 0.03544 0.05761 0.07820 0.09392 0.10332 0.10660 0.10504 0.39918 (11)  0.767
 283 -   0.00778 0.03629 0.06572 0.08789 0.10025 0.10348 0.09973 0.09156 0.08126 0.07069 0.25535 (11)  0.610
 284 -   0.22442 0.19225 0.15425 0.11813 0.08731 0.06281 0.04430 0.03086 0.02140 0.01497 0.04929 ( 1)  0.241
 285 -   0.00000 0.00017 0.00151 0.00584 0.01499 0.03004 0.05100 0.07686 0.10590 0.13574 0.57795 (11)  0.890
 286 -   0.01307 0.05754 0.09617 0.11707 0.12061 0.11210 0.09743 0.08111 0.06586 0.05308 0.18595 (11)  0.526
 287 -   0.00000 0.00001 0.00026 0.00166 0.00611 0.01618 0.03430 0.06193 0.09889 0.14284 0.63782 (11)  0.922
 288 -   0.00000 0.00002 0.00032 0.00200 0.00719 0.01856 0.03818 0.06661 0.10242 0.14213 0.62259 (11)  0.915
 289 -   0.00984 0.04430 0.07649 0.09706 0.10508 0.10347 0.09601 0.08594 0.07550 0.06603 0.24029 (11)  0.586
 290 -   0.00000 0.00020 0.00176 0.00666 0.01671 0.03268 0.05412 0.07960 0.10713 0.13437 0.56676 (11)  0.884
 291 -   0.01038 0.04694 0.08148 0.10368 0.11202 0.10929 0.09958 0.08662 0.07313 0.06088 0.21599 (11)  0.564
 292 -   0.18522 0.16503 0.14000 0.11464 0.09134 0.07125 0.05468 0.04151 0.03135 0.02378 0.08119 ( 1)  0.302
 293 -   0.00012 0.00304 0.01212 0.02744 0.04667 0.06664 0.08454 0.09853 0.10789 0.11278 0.44023 (11)  0.797
 294 -   0.00655 0.03088 0.05688 0.07774 0.09105 0.09691 0.09674 0.09237 0.08556 0.07788 0.28746 (11)  0.642
 295 -   0.00637 0.03019 0.05592 0.07687 0.09052 0.09682 0.09701 0.09286 0.08611 0.07834 0.28898 (11)  0.644
 296 -   0.19747 0.17332 0.14406 0.11525 0.08963 0.06828 0.05127 0.03820 0.02843 0.02136 0.07272 ( 1)  0.284
 297 -   0.24941 0.20740 0.15971 0.11663 0.08195 0.05604 0.03768 0.02516 0.01686 0.01151 0.03762 ( 1)  0.212
 298 -   0.00021 0.00494 0.01868 0.03971 0.06293 0.08320 0.09733 0.10438 0.10515 0.10144 0.38204 (11)  0.753
 299 -   0.00516 0.02477 0.04681 0.06608 0.08036 0.08919 0.09313 0.09320 0.09052 0.08620 0.32459 (11)  0.679
 300 -   0.00018 0.00423 0.01605 0.03438 0.05522 0.07453 0.08973 0.09989 0.10532 0.10701 0.41349 (11)  0.775
 301 -   0.00951 0.04358 0.07701 0.09993 0.11011 0.10939 0.10116 0.08892 0.07546 0.06277 0.22216 (11)  0.574
 302 -   0.01435 0.06253 0.10300 0.12324 0.12455 0.11343 0.09653 0.07867 0.06257 0.04944 0.17167 (11)  0.507
 303 -   0.00000 0.00037 0.00300 0.01066 0.02483 0.04475 0.06788 0.09109 0.11169 0.12790 0.51781 (11)  0.857
 304 -   0.00000 0.00025 0.00216 0.00800 0.01952 0.03703 0.05933 0.08425 0.10932 0.13216 0.54798 (11)  0.874
 305 -   0.00031 0.00711 0.02561 0.05145 0.07665 0.09507 0.10436 0.10533 0.10040 0.09237 0.34133 (11)  0.718
 306 -   0.26867 0.21899 0.16387 0.11557 0.07804 0.05110 0.03281 0.02090 0.01336 0.00873 0.02797 ( 1)  0.189
 307 -   0.19421 0.17163 0.14387 0.11609 0.09093 0.06959 0.05234 0.03890 0.02876 0.02137 0.07230 ( 1)  0.286
 308 -   0.00630 0.02991 0.05558 0.07671 0.09066 0.09725 0.09761 0.09342 0.08644 0.07827 0.28784 (11)  0.644
 309 -   0.00028 0.00652 0.02371 0.04817 0.07272 0.09156 0.10217 0.10489 0.10167 0.09500 0.35331 (11)  0.728
 310 -   0.24010 0.20076 0.15601 0.11544 0.08258 0.05782 0.04005 0.02773 0.01938 0.01385 0.04629 ( 1)  0.227
 311 -   0.16758 0.15182 0.13189 0.11117 0.09154 0.07402 0.05903 0.04664 0.03669 0.02896 0.10067 ( 1)  0.335
 312 -   0.18303 0.16328 0.13879 0.11396 0.09114 0.07142 0.05514 0.04216 0.03211 0.02459 0.08435 ( 1)  0.307
 313 -   0.00711 0.03313 0.06006 0.08069 0.09290 0.09739 0.09603 0.09090 0.08383 0.07625 0.28171 (11)  0.634
 314 -   0.00000 0.00035 0.00286 0.01024 0.02406 0.04375 0.06692 0.09048 0.11165 0.12850 0.52121 (11)  0.859
 315 -   0.16237 0.14808 0.12981 0.11054 0.09201 0.07517 0.06052 0.04819 0.03812 0.03019 0.10499 ( 1)  0.344
 316 -   0.18997 0.16863 0.14226 0.11567 0.09138 0.07057 0.05355 0.04013 0.02988 0.02232 0.07565 ( 1)  0.293
 317 -   0.16730 0.15178 0.13208 0.11149 0.09188 0.07430 0.05921 0.04669 0.03661 0.02879 0.09987 ( 1)  0.334
 318 -   0.16758 0.15182 0.13189 0.11117 0.09154 0.07402 0.05903 0.04664 0.03669 0.02896 0.10067 ( 1)  0.335
 319 -   0.25584 0.21253 0.16313 0.11828 0.08207 0.05502 0.03594 0.02308 0.01471 0.00945 0.02995 ( 1)  0.199
 320 -   0.17796 0.15980 0.13705 0.11368 0.09187 0.07272 0.05664 0.04360 0.03336 0.02559 0.08773 ( 1)  0.314
 321 -   0.13439 0.12585 0.11457 0.10216 0.08962 0.07758 0.06645 0.05646 0.04774 0.04040 0.14479 (11)  0.404
 322 -   0.16983 0.15363 0.13316 0.11189 0.09178 0.07386 0.05857 0.04597 0.03589 0.02811 0.09732 ( 1)  0.330
 323 -   0.24086 0.20201 0.15748 0.11673 0.08342 0.05811 0.03985 0.02717 0.01860 0.01297 0.04282 ( 1)  0.223
 324 -   0.25584 0.21253 0.16313 0.11828 0.08207 0.05502 0.03594 0.02308 0.01471 0.00945 0.02995 ( 1)  0.199
 325 -   0.00751 0.03520 0.06417 0.08644 0.09933 0.10323 0.10009 0.09230 0.08213 0.07148 0.25811 (11)  0.614
 326 -   0.00018 0.00427 0.01626 0.03490 0.05607 0.07554 0.09059 0.10033 0.10520 0.10637 0.41029 (11)  0.773
 327 -   0.17058 0.15376 0.13270 0.11108 0.09088 0.07309 0.05807 0.04580 0.03605 0.02855 0.09944 ( 1)  0.331
 328 -   0.00011 0.00281 0.01127 0.02574 0.04422 0.06390 0.08213 0.09709 0.10791 0.11454 0.45027 (11)  0.804
 329 -   0.00011 0.00265 0.01068 0.02451 0.04238 0.06170 0.08003 0.09564 0.10765 0.11589 0.45877 (11)  0.810
 330 -   0.00010 0.00243 0.00989 0.02300 0.04035 0.05960 0.07841 0.09492 0.10804 0.11732 0.46596 (11)  0.815
 331 -   0.23955 0.20210 0.15866 0.11834 0.08489 0.05911 0.04027 0.02707 0.01811 0.01223 0.03966 ( 1)  0.220
 332 -   0.22670 0.19330 0.15417 0.11736 0.08630 0.06188 0.04362 0.03047 0.02128 0.01505 0.04988 ( 1)  0.240
 333 -   0.00005 0.00145 0.00629 0.01572 0.02978 0.04760 0.06770 0.08837 0.10796 0.12498 0.51010 (11)  0.846
 334 -   0.00010 0.00263 0.01069 0.02474 0.04310 0.06303 0.08181 0.09738 0.10861 0.11527 0.45262 (11)  0.807
 335 -   0.00019 0.00456 0.01743 0.03752 0.06024 0.08073 0.09569 0.10392 0.10592 0.10324 0.39056 (11)  0.760
 336 -   0.21349 0.18471 0.15035 0.11722 0.08847 0.06516 0.04717 0.03379 0.02414 0.01740 0.05810 ( 1)  0.258
 337 -   0.16592 0.15080 0.13155 0.11137 0.09208 0.07469 0.05967 0.04714 0.03699 0.02907 0.10072 ( 1)  0.337
 338 -   0.00017 0.00423 0.01626 0.03530 0.05729 0.07775 0.09344 0.10298 0.10652 0.10530 0.40076 (11)  0.768
 339 -   0.18494 0.16457 0.13940 0.11403 0.09084 0.07092 0.05458 0.04163 0.03166 0.02424 0.08317 ( 1)  0.304
 340 -   0.00512 0.02480 0.04736 0.06748 0.08260 0.09189 0.09566 0.09485 0.09071 0.08459 0.31493 (11)  0.672
 341 -   0.20102 0.17644 0.14649 0.11685 0.09037 0.06821 0.05056 0.03702 0.02696 0.01974 0.06633 ( 1)  0.275
 342 -   0.27594 0.22246 0.16406 0.11387 0.07571 0.04893 0.03114 0.01977 0.01269 0.00838 0.02705 ( 1)  0.184
 343 -   0.22761 0.19367 0.15405 0.11695 0.08581 0.06144 0.04331 0.03032 0.02127 0.01515 0.05042 ( 1)  0.240
 344 -   0.17691 0.15862 0.13584 0.11260 0.09106 0.07227 0.05660 0.04395 0.03403 0.02651 0.09162 ( 1)  0.319
 345 -   0.19035 0.16893 0.14246 0.11578 0.09142 0.07055 0.05348 0.04003 0.02975 0.02218 0.07508 ( 1)  0.292
 346 -   0.17691 0.15862 0.13584 0.11260 0.09106 0.07227 0.05660 0.04395 0.03403 0.02651 0.09162 ( 1)  0.319
 347 -   0.21241 0.18422 0.15041 0.11762 0.08899 0.06563 0.04751 0.03397 0.02418 0.01734 0.05772 ( 1)  0.258
 348 -   0.00001 0.00034 0.00203 0.00668 0.01591 0.03083 0.05158 0.07725 0.10602 0.13524 0.57411 (11)  0.887
 349 -   0.00013 0.00326 0.01286 0.02880 0.04841 0.06830 0.08566 0.09883 0.10733 0.11158 0.43484 (11)  0.793
 350 -   0.00022 0.00511 0.01889 0.03921 0.06083 0.07923 0.09222 0.09971 0.10289 0.10331 0.39838 (11)  0.761
 351 -   0.00547 0.02639 0.05011 0.07084 0.08586 0.09443 0.09704 0.09487 0.08938 0.08210 0.30352 (11)  0.662
 352 -   0.00077 0.00588 0.01675 0.03273 0.05147 0.07006 0.08609 0.09810 0.10563 0.10902 0.42351 (11)  0.781
 353 -   0.00015 0.00354 0.01340 0.02884 0.04697 0.06500 0.08114 0.09458 0.10516 0.11300 0.44823 (11)  0.799
 354 -   0.00014 0.00343 0.01321 0.02892 0.04777 0.06673 0.08354 0.09693 0.10646 0.11227 0.44060 (11)  0.795
 355 -   0.00423 0.02019 0.03810 0.05430 0.06760 0.07790 0.08550 0.09076 0.09404 0.09571 0.37166 (11)  0.719
 356 -   0.00636 0.03016 0.05591 0.07696 0.09074 0.09713 0.09735 0.09312 0.08621 0.07819 0.28787 (11)  0.644
 357 -   0.00009 0.00230 0.00940 0.02196 0.03876 0.05764 0.07643 0.09344 0.10761 0.11849 0.47389 (11)  0.820
 358 -   0.00683 0.03227 0.05948 0.08124 0.09484 0.10029 0.09906 0.09315 0.08455 0.07503 0.27327 (11)  0.630
 359 -   0.26867 0.21899 0.16387 0.11557 0.07804 0.05110 0.03281 0.02090 0.01336 0.00873 0.02797 ( 1)  0.189
 360 -   0.00910 0.04192 0.07454 0.09744 0.10826 0.10847 0.10119 0.08971 0.07675 0.06431 0.22831 (11)  0.581
 361 -   0.00637 0.03026 0.05623 0.07755 0.09156 0.09803 0.09812 0.09357 0.08617 0.07759 0.28455 (11)  0.641
 362 -   0.00020 0.00478 0.01813 0.03872 0.06165 0.08193 0.09636 0.10393 0.10535 0.10232 0.38663 (11)  0.757
 363 -   0.01128 0.05060 0.08676 0.10878 0.11562 0.11086 0.09924 0.08484 0.07046 0.05780 0.20376 (11)  0.549
 364 -   0.18516 0.16468 0.13941 0.11396 0.09073 0.07082 0.05450 0.04158 0.03164 0.02425 0.08327 ( 1)  0.304
 365 -   0.17958 0.16072 0.13725 0.11334 0.09124 0.07202 0.05602 0.04317 0.03313 0.02556 0.08796 ( 1)  0.313
 366 -   0.25473 0.21022 0.16024 0.11569 0.08037 0.05441 0.03631 0.02416 0.01621 0.01113 0.03653 ( 1)  0.207
 367 -   0.00289 0.01453 0.02927 0.04461 0.05910 0.07194 0.08273 0.09137 0.09793 0.10257 0.40306 (11)  0.750
 368 -   0.00016 0.00396 0.01536 0.03366 0.05516 0.07557 0.09173 0.10212 0.10678 0.10678 0.40872 (11)  0.774
 369 -   0.00771 0.03585 0.06472 0.08632 0.09838 0.10168 0.09841 0.09102 0.08167 0.07204 0.26220 (11)  0.616
 370 -   0.01329 0.05825 0.09685 0.11729 0.12029 0.11146 0.09675 0.08060 0.06562 0.05312 0.18649 (11)  0.525
 371 -   0.00467 0.02282 0.04410 0.06369 0.07906 0.08922 0.09424 0.09487 0.09216 0.08736 0.32781 (11)  0.685
 372 -   0.00003 0.00087 0.00440 0.01247 0.02594 0.04425 0.06569 0.08806 0.10924 0.12750 0.52156 (11)  0.856
 373 -   0.00000 0.00016 0.00145 0.00567 0.01473 0.02981 0.05097 0.07712 0.10633 0.13598 0.57777 (11)  0.890
 374 -   0.22717 0.19357 0.15425 0.11731 0.08619 0.06175 0.04349 0.03036 0.02120 0.01499 0.04971 ( 1)  0.240
 375 -   0.00508 0.02431 0.04589 0.06489 0.07929 0.08862 0.09321 0.09381 0.09136 0.08690 0.32663 (11)  0.681
 376 -   0.00745 0.03487 0.06350 0.08548 0.09825 0.10225 0.09940 0.09206 0.08242 0.07228 0.26203 (11)  0.618
 377 -   0.00540 0.02581 0.04845 0.06791 0.08204 0.09050 0.09392 0.09335 0.08993 0.08483 0.31786 (11)  0.672
 378 -   0.00017 0.00421 0.01604 0.03449 0.05559 0.07526 0.09073 0.10089 0.10589 0.10667 0.41005 (11)  0.773
 379 -   0.21256 0.18374 0.14944 0.11649 0.08801 0.06500 0.04728 0.03414 0.02466 0.01803 0.06067 ( 1)  0.261
 380 -   0.16535 0.14940 0.12946 0.10901 0.08993 0.07312 0.05892 0.04729 0.03801 0.03083 0.10868 ( 1)  0.344
 381 -   0.21069 0.18336 0.15038 0.11813 0.08973 0.06636 0.04808 0.03432 0.02432 0.01730 0.05733 ( 1)  0.259
 382 S   0.27395 0.21978 0.16157 0.11234 0.07537 0.04953 0.03228 0.02108 0.01393 0.00943 0.03075 ( 1)  0.190
 383 A   0.03031 0.11989 0.17168 0.17323 0.14475 0.10788 0.07500 0.05021 0.03318 0.02217 0.07169 ( 4)  0.355
 384 G   0.02059 0.08618 0.13411 0.14982 0.14005 0.11702 0.09072 0.06692 0.04793 0.03406 0.11259 ( 4)  0.429
 385 N   0.00176 0.03442 0.09732 0.14686 0.15987 0.14274 0.11232 0.08167 0.05682 0.03906 0.12715 ( 5)  0.486
 386 C   0.02558 0.10405 0.15520 0.16443 0.14471 0.11343 0.08253 0.05741 0.03909 0.02668 0.08689 ( 4)  0.385
 387 V   0.00000 0.00015 0.00226 0.01077 0.02890 0.05473 0.08212 0.10457 0.11831 0.12307 0.47512 (11)  0.837
 388 P   0.00001 0.00078 0.00575 0.01813 0.03739 0.05990 0.08147 0.09911 0.11155 0.11882 0.46709 (11)  0.823
 389 Q   0.01202 0.05385 0.09212 0.11501 0.12136 0.11500 0.10113 0.08431 0.06774 0.05334 0.18410 (11)  0.530
 390 S   0.00000 0.00054 0.00410 0.01346 0.02914 0.04930 0.07118 0.09220 0.11053 0.12502 0.50453 (11)  0.846
 391 F   0.35432 0.25548 0.16226 0.09551 0.05394 0.03007 0.01693 0.00980 0.00591 0.00376 0.01200 ( 1)  0.128

Positively selected sites

	Prob(w>1)  mean w



lnL = -5816.275103

