

TREE # 1

  0  0.0000   5924.799445  x:  1.69500   0.64119   0.04769   0.40278   0.00000   0.59842   0.29557   0.21942   0.07254   0.15178   0.17818   3.00000   0.90000   0.41708   1.56819  
  1 99.0000   5871.525675  x:  1.72714   0.66185   0.09296   0.41909   0.11861   0.64915   0.32590   0.20928   0.01801   0.16875   0.12803   2.97287   0.67829   0.57106   1.53299  
  2 407.6618   5859.457154  x:  1.75757   0.67061   0.11428   0.42771   0.12409   0.68942   0.34334   0.25137   0.09407   0.19039   0.17596   2.94924   0.60350   0.62001   1.52080  
  3 273.7180   5846.441065  x:  1.87308   0.69360   0.15733   0.45678   0.00000   0.81104   0.37284   0.27649   0.06015   0.22283   0.18508   2.86580   0.55933   0.64580   1.51148  
  4 108.4845   5837.593270  x:  2.08230   0.72678   0.20062   0.53856   0.04580   0.96701   0.42039   0.29315   0.05247   0.21234   0.18382   2.70493   0.60420   0.61689   1.51323  
  5 107.4097   5828.040722  x:  2.40245   0.69479   0.11144   0.56618   0.04507   0.98783   0.32962   0.23697   0.09272   0.16110   0.16669   2.44898   0.60550   0.64619   1.49550  
  6 80.3950   5823.126745  x:  2.60993   0.68978   0.05983   0.55237   0.06688   0.93516   0.29609   0.25601   0.07354   0.23924   0.17672   2.27337   0.62382   0.66317   1.48314  
  7 129.5046   5819.120804  x:  2.78508   0.73069   0.06762   0.49785   0.06352   0.82818   0.33955   0.30096   0.05745   0.20838   0.18022   2.11869   0.64117   0.69093   1.46599  
  8 85.4871   5818.646330  x:  2.80695   0.74240   0.07424   0.48629   0.06155   0.81393   0.35854   0.27388   0.06461   0.21626   0.18490   2.10030   0.64817   0.69857   1.46062  
  9 29.5710   5818.582629  x:  2.81025   0.74684   0.07012   0.48285   0.06069   0.81664   0.36166   0.27527   0.06953   0.21894   0.17560   2.10124   0.65871   0.71069   1.45097  
 10  5.2244   5818.383514  x:  2.82091   0.76498   0.05487   0.47610   0.06190   0.82861   0.36212   0.27627   0.06523   0.21673   0.18353   2.10845   0.70003   0.76212   1.40719  
 11 12.8492   5818.314814  x:  2.82512   0.77325   0.06199   0.48821   0.05990   0.82433   0.35491   0.27613   0.06646   0.21807   0.18249   2.11066   0.71184   0.77418   1.38092  
 12  6.5148   5818.164327  x:  2.83393   0.76331   0.05765   0.51265   0.05527   0.81808   0.36889   0.27689   0.06505   0.21828   0.18318   2.11296   0.72417   0.77946   1.30073  
 13  7.2193   5817.510789  x:  2.86621   0.74327   0.07918   0.50303   0.05598   0.83427   0.36849   0.27786   0.06211   0.21967   0.18209   2.11412   0.75401   0.75121   0.98270  
 14 17.8152   5817.414525  x:  2.86946   0.77956   0.05650   0.50809   0.05437   0.83845   0.36921   0.27770   0.06178   0.21976   0.18181   2.11325   0.74449   0.73215   0.94411  
 15  3.1169   5816.498382  x:  3.02024   0.78617   0.07464   0.50567   0.04332   0.88364   0.37869   0.27978   0.04858   0.22022   0.17979   2.18653   0.68337   0.67581   1.06944  
 16  0.5596   5816.395335  x:  2.98174   0.78041   0.08008   0.50854   0.03980   0.89483   0.37750   0.27910   0.04726   0.21936   0.17914   2.12297   0.68610   0.68242   1.08334  
 17  1.6932   5816.290230  x:  3.06244   0.76641   0.08722   0.50760   0.03974   0.89370   0.37675   0.27761   0.04485   0.21789   0.17601   2.11950   0.70170   0.68092   1.01147  
 18  0.1035   5816.279728  x:  3.08320   0.77142   0.08143   0.50964   0.04127   0.89121   0.37508   0.27659   0.04641   0.21726   0.17565   2.11386   0.70063   0.68147   1.02535  
 19  0.0232   5816.278777  x:  3.09045   0.77203   0.08096   0.51037   0.04162   0.89267   0.37512   0.27716   0.04590   0.21744   0.17632   2.11529   0.70209   0.68084   1.01972  
 20  0.0072   5816.278021  x:  3.09363   0.77204   0.08145   0.50979   0.04135   0.89381   0.37550   0.27727   0.04648   0.21778   0.17598   2.11532   0.70459   0.67686   1.00506  
 21  0.0039   5816.275911  x:  3.09014   0.77186   0.08112   0.50976   0.04064   0.89196   0.37538   0.27724   0.04620   0.21742   0.17671   2.11345   0.71470   0.66385   0.95458  
 22  0.0105   5816.275147  x:  3.08712   0.77203   0.08060   0.51014   0.04114   0.89220   0.37500   0.27704   0.04623   0.21752   0.17617   2.11464   0.72035   0.66003   0.93381  
 23  0.0126   5816.275106  x:  3.08699   0.77218   0.08059   0.50994   0.04119   0.89230   0.37505   0.27704   0.04619   0.21743   0.17618   2.11436   0.72063   0.65942   0.93303  
 24  0.0011   5816.275103  x:  3.08707   0.77214   0.08065   0.50992   0.04119   0.89229   0.37509   0.27704   0.04618   0.21742   0.17619   2.11430   0.72099   0.65904   0.93129  
 25  0.0021   5816.275103  x:  3.08707   0.77212   0.08067   0.50993   0.04119   0.89227   0.37509   0.27704   0.04619   0.21741   0.17619   2.11431   0.72102   0.65906   0.93129  
 26  0.0000   5816.275103  x:  3.08708   0.77212   0.08067   0.50993   0.04119   0.89227   0.37509   0.27704   0.04619   0.21742   0.17619   2.11431   0.72102   0.65906   0.93129  
 27  0.0000   5816.275103  x:  3.08708   0.77212   0.08067   0.50993   0.04119   0.89227   0.37509   0.27704   0.04619   0.21742   0.17619   2.11431   0.72102   0.65906   0.93128  
 28  0.0000   5816.275103  x:  3.08708   0.77212   0.08067   0.50993   0.04119   0.89227   0.37509   0.27704   0.04619   0.21742   0.17619   2.11431   0.72102   0.65906   0.93128  
 29  0.0000   5816.275103  x:  3.08708   0.77212   0.08067   0.50993   0.04119   0.89227   0.37509   0.27704   0.04619   0.21742   0.17619   2.11431   0.72102   0.65906   0.93128  
check convergence!
