

TREE # 1

  0  0.0000   5902.428208  x:  1.58024   0.60189   0.05794   0.38594   0.00000   0.56515   0.29067   0.19894   0.07437   0.14214   0.16738   3.00000   1.02574   0.17357   0.20673   1.27430  
  1 99.0000   5881.757913  x:  1.62059   0.63915   0.12748   0.41923   0.17085   0.64109   0.34145   0.23191   0.04952   0.19122   0.15007   2.97082   1.00856   0.19105   0.24315   1.27364  
  2 288.8199   5867.502820  x:  1.75508   0.67727   0.18871   0.45164   0.11089   0.80496   0.38667   0.30834   0.08196   0.22857   0.21878   2.88054   0.95857   0.24232   0.28862   1.27103  
  3 124.2056   5854.238060  x:  1.90531   0.70912   0.23062   0.48664   0.04097   0.94544   0.41037   0.30571   0.00777   0.23435   0.18091   2.77705   0.90512   0.29758   0.27850   1.26773  
  4 217.1190   5847.534369  x:  2.02936   0.72051   0.23780   0.51616   0.03157   1.01348   0.41366   0.28428   0.04937   0.22322   0.14141   2.68586   0.86142   0.34337   0.21066   1.26422  
  5 169.1127   5838.373632  x:  2.25919   0.70604   0.18601   0.54845   0.06095   1.03130   0.36367   0.21028   0.08123   0.17791   0.14621   2.51023   0.75841   0.45041   0.24251   1.25682  
  6 132.2167   5828.400841  x:  2.54060   0.67869   0.09721   0.56326   0.10641   0.97779   0.29282   0.24214   0.04315   0.20048   0.20208   2.28393   0.63140   0.58299   0.18312   1.24614  
  7 194.4233   5824.748428  x:  2.64658   0.68459   0.08158   0.54265   0.10283   0.91309   0.30594   0.28627   0.05016   0.21371   0.16167   2.19598   0.57708   0.63950   0.19540   1.24077  
  8 107.4007   5822.327391  x:  2.73105   0.71951   0.11052   0.50280   0.09684   0.83370   0.36864   0.26965   0.04592   0.21583   0.18051   2.12526   0.53370   0.68496   0.18224   1.23423  
  9 69.2351   5822.287678  x:  2.73418   0.72140   0.11501   0.49399   0.09843   0.83468   0.36419   0.27255   0.04544   0.20921   0.18088   2.12762   0.53140   0.68755   0.18081   1.23126  
 10  4.9908   5822.253378  x:  2.73871   0.72035   0.11736   0.48244   0.09888   0.83741   0.36010   0.27005   0.04642   0.21408   0.18003   2.13371   0.52763   0.69182   0.18009   1.22524  
 11  5.0496   5822.184671  x:  2.75194   0.70965   0.11336   0.47534   0.09992   0.84217   0.36960   0.27092   0.04541   0.21134   0.18013   2.15573   0.51669   0.70434   0.17708   1.20269  
 12  3.8483   5821.975482  x:  2.79552   0.70376   0.12974   0.49394   0.09370   0.83606   0.36727   0.27226   0.04542   0.21323   0.17995   2.22603   0.48362   0.74221   0.17031   1.12124  
 13 10.0783   5821.571804  x:  2.83089   0.73730   0.10859   0.49509   0.08992   0.84464   0.36973   0.27360   0.04534   0.21415   0.17911   2.23705   0.48635   0.73786   0.17009   1.00000  
 14  3.8208   5820.452792  x:  3.00289   0.68596   0.15622   0.50259   0.05678   0.87693   0.37684   0.27959   0.04348   0.21704   0.17223   2.16887   0.52206   0.65252   0.17450   1.00000  
 15  4.1717   5820.307793  x:  2.96219   0.69222   0.15538   0.50716   0.05016   0.89200   0.37696   0.27887   0.04360   0.21670   0.17138   2.13257   0.46207   0.67755   0.16800   1.00000  
 16  2.1304   5819.936522  x:  3.10772   0.75813   0.10492   0.50843   0.04427   0.89737   0.37860   0.27994   0.04569   0.21379   0.17548   2.16736   0.08811   0.33537   0.16281   1.00000  
 17  0.5952   5819.906475  x:  3.12433   0.75159   0.10220   0.50752   0.04900   0.89367   0.37541   0.27824   0.04645   0.21105   0.17641   2.15135   0.01761   0.27241   0.16063   1.00000  
 18  0.0823   5819.899037  x:  3.12886   0.74565   0.10732   0.50831   0.04767   0.89348   0.37495   0.27791   0.04709   0.21155   0.17580   2.15248  -0.07750   0.18119   0.16032   1.00000  
 19  0.0733   5819.897559  x:  3.12031   0.74699   0.10675   0.50791   0.04829   0.89330   0.37537   0.27810   0.04671   0.21140   0.17595   2.15334  -0.11279   0.14587   0.16026   1.00000  
 20  0.0348   5819.897509  x:  3.11849   0.74680   0.10680   0.50787   0.04818   0.89327   0.37539   0.27814   0.04669   0.21135   0.17603   2.15224  -0.11161   0.14657   0.16039   1.00000  
 21  0.0022   5819.897502  x:  3.11806   0.74675   0.10675   0.50785   0.04814   0.89318   0.37535   0.27813   0.04668   0.21134   0.17602   2.15233  -0.11172   0.14651   0.16035   1.00000  
 22  0.0003   5819.897502  x:  3.11801   0.74678   0.10672   0.50784   0.04814   0.89315   0.37534   0.27811   0.04670   0.21134   0.17601   2.15237  -0.11170   0.14650   0.16036   1.00000  
 23  0.0001   5819.897502  x:  3.11801   0.74678   0.10672   0.50784   0.04814   0.89315   0.37534   0.27811   0.04670   0.21134   0.17601   2.15236  -0.11171   0.14649   0.16036   1.00000  
 24  0.0000   5819.897502  x:  3.11801   0.74678   0.10672   0.50784   0.04814   0.89315   0.37534   0.27811   0.04670   0.21134   0.17601   2.15236  -0.11171   0.14649   0.16036   1.00000  
 25  0.0000   5819.897502  x:  3.11801   0.74678   0.10672   0.50784   0.04814   0.89315   0.37534   0.27811   0.04670   0.21134   0.17601   2.15236  -0.11170   0.14649   0.16036   1.00000  