Supplemental results for CODEML (seqf: align.fa  treef: tree.nwk)


MLEs of dN/dS (w) for site classes (K=10)

p:   0.10000  0.10000  0.10000  0.10000  0.10000  0.10000  0.10000  0.10000  0.10000  0.10000
w:   0.01196  0.09088  0.22327  0.38584  0.55529  0.71114  0.83823  0.92815  0.97970  0.99870

Naive Empirical Bayes (NEB) probabilities for 10 classes & postmean_w
(amino acids refer to 1st sequence: xeno|270561947)

   1 M   0.57627 0.29046 0.09516 0.02580 0.00723 0.00246 0.00109 0.00064 0.00047 0.00042 ( 1)  0.073
   2 S   0.50376 0.29116 0.12168 0.04523 0.01772 0.00811 0.00452 0.00306 0.00247 0.00229 ( 1)  0.104
   3 V   0.00001 0.00331 0.02860 0.07798 0.12291 0.14731 0.15534 0.15588 0.15467 0.15399 ( 8)  0.790
   4 W   0.00089 0.03512 0.11428 0.16374 0.16205 0.13790 0.11399 0.09760 0.08878 0.08567 ( 4)  0.639
   5 F   0.00988 0.07185 0.14040 0.16340 0.14800 0.12215 0.10073 0.08690 0.07962 0.07707 ( 4)  0.590
   6 T   0.00000 0.00001 0.00071 0.00901 0.03903 0.09278 0.15508 0.20803 0.24130 0.25404 (10)  0.904
   7 W   0.01330 0.08133 0.13914 0.15480 0.14143 0.11975 0.10102 0.08843 0.08162 0.07920 ( 4)  0.588
   8 A   0.00003 0.00818 0.05494 0.11519 0.14555 0.14851 0.14098 0.13294 0.12781 0.12587 ( 6)  0.736
   9 F   0.00165 0.05852 0.16036 0.19115 0.16143 0.12229 0.09377 0.07687 0.06843 0.06554 ( 4)  0.574
  10 L   0.35779 0.26050 0.15626 0.08639 0.04842 0.02937 0.01998 0.01538 0.01330 0.01261 ( 1)  0.201
  11 I   0.00000 0.00087 0.01307 0.04548 0.08623 0.12475 0.15683 0.18014 0.19378 0.19885 (10)  0.844
  12 S   0.00002 0.00513 0.04100 0.10093 0.14244 0.15383 0.14889 0.14059 0.13474 0.13244 ( 6)  0.757
  13 Q   0.00000 0.00001 0.00116 0.01283 0.04990 0.10723 0.16347 0.20410 0.22662 0.23468 (10)  0.892
  14 C   0.00083 0.03337 0.11056 0.16106 0.16148 0.13879 0.11562 0.09957 0.09089 0.08782 ( 5)  0.644
  15 F   0.00045 0.03489 0.15010 0.21340 0.18380 0.13184 0.09376 0.07205 0.06160 0.05810 ( 4)  0.579
  16 V   0.00110 0.04139 0.12474 0.16677 0.15799 0.13232 0.10968 0.09482 0.08697 0.08421 ( 4)  0.627
  17 L   0.00000 0.00032 0.00734 0.03662 0.08606 0.13395 0.16645 0.18384 0.19151 0.19391 (10)  0.850
  18 Q   0.00000 0.00063 0.01203 0.05039 0.10207 0.14226 0.16425 0.17366 0.17693 0.17779 (10)  0.830
  19 I   0.00248 0.08030 0.19264 0.20170 0.15419 0.10954 0.08104 0.06528 0.05769 0.05514 ( 4)  0.532
  20 A   0.03003 0.15961 0.21381 0.17838 0.12530 0.08686 0.06414 0.05187 0.04599 0.04401 ( 3)  0.454
  21 G   0.44209 0.28868 0.14357 0.06284 0.02767 0.01355 0.00781 0.00537 0.00437 0.00405 ( 1)  0.133
  22 L   0.00001 0.00298 0.02609 0.07245 0.11702 0.14425 0.15618 0.15990 0.16056 0.16057 (10)  0.799
  23 L   0.01725 0.09718 0.15170 0.15812 0.13853 0.11401 0.09434 0.08159 0.07483 0.07244 ( 4)  0.562
  24 H   0.07548 0.31092 0.28424 0.15675 0.07487 0.03760 0.02177 0.01497 0.01214 0.01125 ( 2)  0.277
  25 P   0.00198 0.06942 0.18517 0.21014 0.16542 0.11561 0.08220 0.06361 0.05472 0.05174 ( 4)  0.536
  26 P   0.51125 0.29467 0.12065 0.04266 0.01549 0.00651 0.00337 0.00216 0.00169 0.00155 ( 1)  0.098
  27 L   0.00001 0.00217 0.01860 0.05423 0.09668 0.13297 0.15815 0.17317 0.18072 0.18331 (10)  0.827
  28 N   0.60451 0.27729 0.08281 0.02233 0.00687 0.00268 0.00135 0.00086 0.00067 0.00062 ( 1)  0.068
  29 V   0.43703 0.28063 0.13936 0.06357 0.03056 0.01675 0.01075 0.00803 0.00685 0.00647 ( 1)  0.145
  30 T   0.00003 0.00736 0.04898 0.10424 0.13676 0.14604 0.14431 0.14001 0.13678 0.13549 ( 6)  0.752
  31 T   0.00006 0.01338 0.07776 0.14020 0.15613 0.14528 0.12969 0.11780 0.11107 0.10863 ( 5)  0.698
  32 I   0.00312 0.09944 0.22991 0.22434 0.15477 0.09772 0.06474 0.04793 0.04027 0.03776 ( 3)  0.478
  33 S   0.41532 0.28058 0.14862 0.07079 0.03419 0.01822 0.01121 0.00807 0.00671 0.00628 ( 1)  0.153
  34 R   0.02222 0.12380 0.18308 0.17328 0.13635 0.10227 0.07901 0.06535 0.05850 0.05615 ( 3)  0.508
  35 N   0.54912 0.28699 0.10414 0.03417 0.01233 0.00539 0.00292 0.00195 0.00156 0.00144 ( 1)  0.087
  36 F   0.00002 0.00515 0.03834 0.09040 0.12828 0.14503 0.14927 0.14882 0.14764 0.14706 ( 7)  0.773
  37 R   0.08019 0.32811 0.29399 0.15495 0.06863 0.03134 0.01653 0.01057 0.00821 0.00748 ( 2)  0.256
  38 L   0.38256 0.27102 0.15487 0.08036 0.04201 0.02385 0.01535 0.01136 0.00960 0.00903 ( 1)  0.177
  39 F   0.56101 0.29007 0.10085 0.03021 0.00961 0.00369 0.00180 0.00112 0.00086 0.00078 ( 1)  0.079
  40 L   0.41586 0.28206 0.14973 0.07094 0.03376 0.01761 0.01060 0.00750 0.00617 0.00575 ( 1)  0.150
  41 T   0.05735 0.24835 0.25239 0.16388 0.09562 0.05864 0.04015 0.03108 0.02695 0.02560 ( 3)  0.352
  42 W   0.29146 0.23422 0.16270 0.10443 0.06609 0.04357 0.03111 0.02455 0.02145 0.02041 ( 1)  0.259
  43 A   0.00187 0.06642 0.18023 0.20794 0.16606 0.11743 0.08425 0.06559 0.05661 0.05359 ( 4)  0.543
  44 P   0.48960 0.29430 0.12848 0.04869 0.01881 0.00831 0.00445 0.00292 0.00231 0.00212 ( 1)  0.107
  45 D   0.00007 0.01658 0.09291 0.15924 0.16665 0.14514 0.12203 0.10595 0.09725 0.09417 ( 5)  0.669
  46 P   0.00051 0.02024 0.07115 0.11933 0.14145 0.14223 0.13478 0.12723 0.12245 0.12063 ( 6)  0.715
  47 R   0.00000 0.00003 0.00234 0.02203 0.07029 0.12690 0.16957 0.19409 0.20552 0.20923 (10)  0.871
  48 N   0.00495 0.13352 0.24713 0.20443 0.13321 0.08640 0.06089 0.04786 0.04181 0.03981 ( 3)  0.458
  49 P   0.00151 0.05397 0.14991 0.18214 0.15794 0.12380 0.09850 0.08336 0.07575 0.07313 ( 4)  0.592
  50 P   0.00055 0.02791 0.10866 0.16688 0.16648 0.14032 0.11512 0.09832 0.08944 0.08632 ( 4)  0.645
  51 N   0.00000 0.00131 0.02165 0.07593 0.12915 0.15479 0.15919 0.15570 0.15196 0.15033 ( 7)  0.793
  52 V   0.52777 0.29060 0.11288 0.03894 0.01436 0.00629 0.00341 0.00227 0.00181 0.00167 ( 1)  0.094
  53 S   0.00100 0.03818 0.11811 0.16233 0.15751 0.13430 0.11266 0.09809 0.09029 0.08753 ( 4)  0.637
  54 Y   0.51221 0.29195 0.11919 0.04299 0.01625 0.00715 0.00384 0.00254 0.00202 0.00185 ( 1)  0.099
  55 Q   0.00007 0.01573 0.09354 0.16688 0.17475 0.14811 0.12023 0.10137 0.09140 0.08790 ( 5)  0.661
  56 V   0.49683 0.29103 0.12422 0.04722 0.01881 0.00868 0.00484 0.00328 0.00264 0.00244 ( 1)  0.107
  57 A   0.00000 0.00130 0.01470 0.05175 0.10029 0.13968 0.16275 0.17343 0.17749 0.17862 (10)  0.828
  58 Y   0.43041 0.28408 0.14517 0.06647 0.03091 0.01594 0.00955 0.00674 0.00555 0.00517 ( 1)  0.142
  59 Y   0.00000 0.00005 0.00249 0.01963 0.06178 0.11679 0.16515 0.19777 0.21513 0.22122 (10)  0.879
  60 M   0.00000 0.00455 0.05611 0.14155 0.17586 0.16177 0.13620 0.11655 0.10565 0.10176 ( 5)  0.708
  61 F   0.00001 0.00379 0.03038 0.07637 0.11582 0.14009 0.15269 0.15849 0.16083 0.16152 (10)  0.795
  62 I   0.00000 0.00180 0.02623 0.08268 0.13159 0.15298 0.15588 0.15240 0.14895 0.14748 ( 7)  0.785
  63 E   0.00000 0.00338 0.04275 0.11405 0.15452 0.15722 0.14533 0.13341 0.12605 0.12329 ( 6)  0.744
  64 K   0.00007 0.01742 0.10146 0.17537 0.17797 0.14662 0.11626 0.09637 0.08603 0.08243 ( 5)  0.648
  65 K   0.05550 0.25066 0.26660 0.17477 0.09764 0.05523 0.03461 0.02494 0.02071 0.01935 ( 3)  0.336
  66 W   0.29146 0.23422 0.16270 0.10443 0.06609 0.04357 0.03111 0.02455 0.02145 0.02041 ( 1)  0.259
  67 N   0.00093 0.03668 0.11719 0.16378 0.15947 0.13543 0.11283 0.09761 0.08947 0.08659 ( 4)  0.637
  68 K   0.00000 0.00000 0.00026 0.00445 0.02543 0.07493 0.14515 0.21317 0.25919 0.27742 (10)  0.920
  69 -   0.02576 0.14001 0.19843 0.17830 0.13315 0.09547 0.07131 0.05771 0.05106 0.04881 ( 3)  0.480
  70 K   0.00101 0.04052 0.13125 0.18140 0.16928 0.13497 0.10529 0.08638 0.07664 0.07327 ( 4)  0.610
  71 N   0.00000 0.00002 0.00183 0.01763 0.06043 0.11735 0.16654 0.19887 0.21573 0.22158 (10)  0.881
  72 C   0.48295 0.29511 0.13177 0.05071 0.01956 0.00847 0.00441 0.00282 0.00219 0.00200 ( 1)  0.109
  73 R   0.00000 0.00254 0.03607 0.10661 0.15403 0.16099 0.14942 0.13657 0.12842 0.12535 ( 6)  0.752
  74 N   0.61660 0.27487 0.07821 0.01988 0.00575 0.00212 0.00102 0.00063 0.00048 0.00044 ( 1)  0.065
  75 I   0.05087 0.22876 0.24590 0.16875 0.10261 0.06450 0.04472 0.03482 0.03028 0.02878 ( 3)  0.372
  76 T   0.03591 0.17882 0.22334 0.17747 0.12047 0.08103 0.05820 0.04606 0.04031 0.03838 ( 3)  0.429
  77 G   0.00000 0.00160 0.02170 0.07282 0.12400 0.15128 0.15896 0.15828 0.15619 0.15517 ( 7)  0.798
  78 K   0.06203 0.27014 0.27187 0.16846 0.09007 0.04957 0.03065 0.02198 0.01822 0.01702 ( 3)  0.317
  79 E   0.04725 0.21899 0.24513 0.17350 0.10675 0.06691 0.04600 0.03554 0.03075 0.02917 ( 3)  0.380
  80 C   0.50406 0.29634 0.12424 0.04445 0.01600 0.00656 0.00328 0.00205 0.00158 0.00144 ( 1)  0.099
  81 D   0.00004 0.01103 0.06791 0.12994 0.15232 0.14725 0.13469 0.12397 0.11760 0.11524 ( 5)  0.714
  82 L   0.00006 0.01594 0.09389 0.16565 0.17295 0.14718 0.12034 0.10219 0.09258 0.08921 ( 5)  0.663
  83 T   0.45554 0.28622 0.13646 0.05876 0.02637 0.01346 0.00811 0.00579 0.00480 0.00449 ( 1)  0.130
  84 C   0.48295 0.29511 0.13177 0.05071 0.01956 0.00847 0.00441 0.00282 0.00219 0.00200 ( 1)  0.109
  85 L   0.00000 0.00049 0.00994 0.04445 0.09532 0.13881 0.16522 0.17799 0.18313 0.18465 (10)  0.839
  86 F   0.00234 0.07772 0.19188 0.20430 0.15652 0.11047 0.08097 0.06469 0.05687 0.05424 ( 4)  0.532
  87 Y   0.00037 0.01640 0.06325 0.11162 0.13724 0.14256 0.13860 0.13305 0.12921 0.12771 ( 6)  0.730
  88 T   0.00003 0.00830 0.05707 0.12123 0.15223 0.15182 0.13995 0.12863 0.12167 0.11907 ( 5)  0.728
  89 H   0.00000 0.00006 0.00183 0.01383 0.04804 0.10208 0.15914 0.20398 0.23058 0.24046 (10)  0.894
  90 N   0.00006 0.01298 0.07237 0.12885 0.14698 0.14282 0.13309 0.12484 0.11992 0.11809 ( 5)  0.713
  91 Y   0.01143 0.08926 0.17324 0.18723 0.15273 0.11325 0.08524 0.06887 0.06076 0.05800 ( 4)  0.537
  92 I   0.00000 0.00001 0.00088 0.01029 0.04192 0.09604 0.15675 0.20692 0.23776 0.24944 (10)  0.901
  93 V   0.52777 0.29060 0.11288 0.03894 0.01436 0.00629 0.00341 0.00227 0.00181 0.00167 ( 1)  0.094
  94 G   0.00000 0.00147 0.01494 0.04929 0.09404 0.13333 0.16039 0.17615 0.18389 0.18650 (10)  0.834
  95 V   0.40215 0.27443 0.14873 0.07372 0.03765 0.02138 0.01396 0.01050 0.00898 0.00848 ( 1)  0.166
  96 R   0.00059 0.02376 0.08112 0.12657 0.14131 0.13807 0.12994 0.12291 0.11866 0.11707 ( 5)  0.702
  97 T   0.00084 0.03417 0.10954 0.15221 0.15040 0.13304 0.11675 0.10571 0.09973 0.09760 ( 4)  0.656
  98 K   0.00000 0.00088 0.01545 0.05872 0.10977 0.14488 0.16192 0.16819 0.16992 0.17026 (10)  0.819
  99 F   0.00262 0.08482 0.20219 0.20788 0.15472 0.10676 0.07691 0.06071 0.05299 0.05040 ( 4)  0.518
 100 G   0.00002 0.00633 0.04795 0.11175 0.15004 0.15524 0.14514 0.13371 0.12631 0.12350 ( 6)  0.741
 101 S   0.04068 0.19732 0.23549 0.17707 0.11412 0.07386 0.05186 0.04059 0.03537 0.03363 ( 3)  0.405
 102 S   0.00000 0.00001 0.00079 0.01037 0.04458 0.10210 0.16189 0.20675 0.23217 0.24135 (10)  0.898
 103 M   0.00079 0.03645 0.13148 0.18846 0.17460 0.13611 0.10389 0.08395 0.07387 0.07041 ( 4)  0.607
 104 S   0.44775 0.28707 0.14033 0.06132 0.02739 0.01370 0.00803 0.00559 0.00457 0.00425 ( 1)  0.132
 105 K   0.00008 0.00408 0.02014 0.04990 0.08783 0.12533 0.15579 0.17658 0.18807 0.19221 (10)  0.833
 106 W   0.29146 0.23422 0.16270 0.10443 0.06609 0.04357 0.03111 0.02455 0.02145 0.02041 ( 1)  0.259
 107 E   0.00180 0.06404 0.17284 0.19884 0.16131 0.11814 0.08841 0.07138 0.06304 0.06020 ( 4)  0.557
 108 E   0.00039 0.01907 0.07878 0.13661 0.15528 0.14621 0.13012 0.11712 0.10959 0.10684 ( 5)  0.694
 109 I   0.00290 0.08761 0.19426 0.19508 0.14906 0.10787 0.08132 0.06634 0.05902 0.05652 ( 4)  0.530
 110 K   0.00000 0.00087 0.01532 0.05887 0.11060 0.14573 0.16219 0.16784 0.16920 0.16940 (10)  0.818
 111 D   0.11624 0.40066 0.27960 0.11644 0.04388 0.01849 0.00951 0.00608 0.00475 0.00434 ( 2)  0.205
 112 I   0.58231 0.28177 0.09139 0.02692 0.00893 0.00367 0.00191 0.00124 0.00098 0.00090 ( 1)  0.076
 113 S   0.00000 0.00007 0.00347 0.02550 0.07356 0.12778 0.16841 0.19187 0.20288 0.20646 (10)  0.867
 114 Y   0.41450 0.28026 0.14877 0.07111 0.03446 0.01839 0.01131 0.00813 0.00676 0.00632 ( 1)  0.153
 115 I   0.00004 0.00861 0.05313 0.11008 0.14267 0.14901 0.14304 0.13530 0.13007 0.12805 ( 6)  0.741
 116 F   0.00398 0.11597 0.23607 0.20890 0.14037 0.09197 0.06495 0.05099 0.04448 0.04232 ( 3)  0.475
 117 T   0.53251 0.28953 0.11077 0.03790 0.01399 0.00618 0.00337 0.00226 0.00181 0.00168 ( 1)  0.093
 118 V   0.37092 0.26573 0.15531 0.08324 0.04517 0.02658 0.01762 0.01331 0.01138 0.01075 ( 1)  0.188
 119 D   0.07861 0.31254 0.27556 0.15094 0.07432 0.03931 0.02399 0.01717 0.01425 0.01332 ( 2)  0.282
 120 P   0.48166 0.29344 0.13100 0.05100 0.02026 0.00918 0.00501 0.00334 0.00266 0.00245 ( 1)  0.111
 121 E   0.02773 0.15014 0.20997 0.18345 0.13180 0.09083 0.06565 0.05192 0.04536 0.04315 ( 3)  0.460
 122 A   0.05021 0.23516 0.26223 0.17908 0.10313 0.05965 0.03801 0.02770 0.02315 0.02167 ( 3)  0.351
 123 P   0.48090 0.29335 0.13123 0.05122 0.02040 0.00927 0.00507 0.00338 0.00270 0.00249 ( 1)  0.112
 124 T   0.00004 0.01044 0.06815 0.13465 0.15782 0.14960 0.13372 0.12097 0.11363 0.11097 ( 5)  0.709
 125 L   0.02860 0.14864 0.19889 0.17149 0.12667 0.09223 0.07081 0.05881 0.05293 0.05092 ( 3)  0.477
 126 E   0.00195 0.07150 0.19530 0.21866 0.16626 0.11205 0.07752 0.05899 0.05032 0.04744 ( 4)  0.523
 127 V   0.52777 0.29060 0.11288 0.03894 0.01436 0.00629 0.00341 0.00227 0.00181 0.00167 ( 1)  0.094
 128 K   0.00152 0.05632 0.16016 0.19337 0.16298 0.12269 0.09356 0.07644 0.06794 0.06503 ( 4)  0.574
 129 F   0.00000 0.00037 0.00846 0.04120 0.09300 0.13884 0.16673 0.17991 0.18502 0.18647 (10)  0.842
 130 V   0.03463 0.17788 0.22949 0.18442 0.12331 0.08032 0.05566 0.04277 0.03676 0.03476 ( 3)  0.422
 131 D   0.00487 0.13712 0.26456 0.21817 0.13485 0.08122 0.05345 0.03994 0.03390 0.03192 ( 3)  0.435
 132 K   0.00001 0.00334 0.03521 0.09962 0.14741 0.15931 0.15157 0.14050 0.13297 0.13006 ( 6)  0.759
 133 S   0.00000 0.00009 0.00402 0.02824 0.07817 0.13132 0.16890 0.18938 0.19850 0.20138 (10)  0.862
 134 M   0.00000 0.00117 0.02015 0.07287 0.12617 0.15331 0.15969 0.15783 0.15505 0.15377 ( 7)  0.798
 135 Y   0.00001 0.00407 0.03628 0.09620 0.14132 0.15540 0.15138 0.14319 0.13725 0.13490 ( 6)  0.764
 136 I   0.00146 0.05448 0.15568 0.18952 0.16199 0.12392 0.09579 0.07898 0.07054 0.06764 ( 4)  0.581
 137 N   0.00012 0.02679 0.12884 0.18746 0.17076 0.13456 0.10607 0.08868 0.07987 0.07684 ( 4)  0.620
 138 A   0.00000 0.00006 0.00261 0.01930 0.05872 0.11134 0.16129 0.19851 0.22010 0.22806 (10)  0.883
 139 A   0.00000 0.00015 0.00605 0.03653 0.08926 0.13743 0.16765 0.18276 0.18911 0.19105 (10)  0.849
 140 V   0.00000 0.00001 0.00070 0.00919 0.04057 0.09614 0.15801 0.20799 0.23807 0.24932 (10)  0.902
 141 K   0.00000 0.00044 0.00883 0.03950 0.08709 0.13221 0.16399 0.18240 0.19128 0.19425 (10)  0.848
 142 T   0.00000 0.00009 0.00271 0.01947 0.06079 0.11542 0.16424 0.19797 0.21637 0.22293 (10)  0.880
 143 P   0.47719 0.29283 0.13234 0.05231 0.02112 0.00970 0.00536 0.00360 0.00288 0.00266 ( 1)  0.114
 144 H   0.00000 0.00000 0.00007 0.00206 0.01656 0.06094 0.13549 0.21558 0.27297 0.29632 (10)  0.930
 145 C   0.39934 0.27936 0.15488 0.07633 0.03725 0.01963 0.01180 0.00830 0.00680 0.00632 ( 1)  0.159
 146 I   0.00001 0.00256 0.02709 0.07779 0.12281 0.14681 0.15520 0.15647 0.15585 0.15541 ( 8)  0.792
 147 K   0.00000 0.00007 0.00286 0.02080 0.06267 0.11639 0.16406 0.19697 0.21490 0.22129 (10)  0.878
 148 D   0.00000 0.00001 0.00093 0.01030 0.04212 0.09693 0.15774 0.20705 0.23687 0.24805 (10)  0.901
 149 I   0.00000 0.00065 0.01054 0.04057 0.08377 0.12660 0.16048 0.18294 0.19507 0.19938 (10)  0.849
 150 Y   0.00002 0.00636 0.04747 0.10952 0.14696 0.15333 0.14524 0.13548 0.12905 0.12658 ( 6)  0.744
 151 -   0.03096 0.16336 0.21982 0.18470 0.12823 0.08584 0.06059 0.04711 0.04075 0.03863 ( 3)  0.441
 152 -   0.00000 0.00000 0.00033 0.00468 0.02492 0.07280 0.14280 0.21276 0.26115 0.28056 (10)  0.921
 153 -   0.01063 0.06829 0.12484 0.14773 0.14184 0.12470 0.10812 0.09639 0.08989 0.08756 ( 4)  0.614
 154 N   0.00000 0.00045 0.00952 0.04341 0.09425 0.13828 0.16536 0.17870 0.18419 0.18584 (10)  0.840
 155 L   0.02719 0.14637 0.20432 0.18031 0.13210 0.09298 0.06834 0.05464 0.04800 0.04576 ( 3)  0.469
 156 K   0.00000 0.00026 0.00594 0.03008 0.07366 0.12217 0.16258 0.19000 0.20497 0.21033 (10)  0.864
 157 Y   0.05861 0.26001 0.26882 0.17116 0.09364 0.05250 0.03292 0.02384 0.01989 0.01861 ( 3)  0.328
 158 N   0.00000 0.00002 0.00206 0.01956 0.06394 0.11977 0.16653 0.19694 0.21282 0.21835 (10)  0.878
 159 I   0.03729 0.18379 0.22588 0.17647 0.11827 0.07909 0.05682 0.04510 0.03957 0.03772 ( 3)  0.424
 160 E   0.00000 0.00151 0.01552 0.05099 0.09610 0.13457 0.16030 0.17489 0.18189 0.18423 (10)  0.831
 161 N   0.00000 0.00069 0.01113 0.04269 0.08722 0.12957 0.16125 0.18111 0.19138 0.19496 (10)  0.845
 162 A   0.00000 0.00249 0.03626 0.10848 0.15639 0.16204 0.14901 0.13524 0.12666 0.12345 ( 6)  0.750
 163 P   0.00000 0.00072 0.01284 0.05044 0.09860 0.13712 0.16138 0.17470 0.18105 0.18316 (10)  0.832
 164 K   0.00000 0.00107 0.02012 0.07535 0.13084 0.15685 0.16019 0.15551 0.15099 0.14907 ( 7)  0.793
 165 Q   0.01259 0.08372 0.15195 0.16894 0.14790 0.11831 0.09480 0.07996 0.07226 0.06957 ( 4)  0.567
 166 I   0.00166 0.05748 0.15376 0.18217 0.15659 0.12260 0.09741 0.08216 0.07442 0.07175 ( 4)  0.586
 167 K   0.00339 0.10336 0.22658 0.21466 0.14898 0.09723 0.06727 0.05175 0.04457 0.04220 ( 3)  0.485
 168 F   0.00176 0.06138 0.16375 0.19059 0.15881 0.12010 0.09264 0.07656 0.06857 0.06584 ( 4)  0.571
 169 K   0.00348 0.10669 0.23368 0.21837 0.14837 0.09479 0.06443 0.04892 0.04180 0.03946 ( 3)  0.476
 170 E   0.03987 0.19757 0.24155 0.18343 0.11667 0.07306 0.04923 0.03716 0.03163 0.02981 ( 3)  0.396
 171 V   0.00166 0.06038 0.16833 0.19938 0.16447 0.12079 0.08985 0.07192 0.06311 0.06011 ( 4)  0.561
 172 K   0.00000 0.00005 0.00199 0.01537 0.05113 0.10458 0.15948 0.20233 0.22779 0.23727 (10)  0.891
 173 M   0.00002 0.00691 0.06147 0.14209 0.17317 0.15936 0.13476 0.11574 0.10514 0.10134 ( 5)  0.703
 174 N   0.00000 0.00005 0.00203 0.01589 0.05269 0.10670 0.16074 0.20178 0.22566 0.23446 (10)  0.889
 175 S   0.00003 0.00871 0.05484 0.11047 0.13923 0.14512 0.14147 0.13626 0.13264 0.13122 ( 6)  0.742
 176 A   0.00100 0.03806 0.11740 0.16094 0.15629 0.13390 0.11307 0.09903 0.09149 0.08882 ( 4)  0.639
 177 V   0.00000 0.00131 0.02051 0.07009 0.12022 0.14878 0.15905 0.16067 0.15995 0.15943 ( 8)  0.803
 178 I   0.00005 0.01323 0.07908 0.14518 0.16146 0.14763 0.12870 0.11449 0.10653 0.10366 ( 5)  0.692
 179 L   0.00000 0.00008 0.00269 0.01885 0.05840 0.11217 0.16251 0.19891 0.21946 0.22691 (10)  0.883
 180 D   0.00514 0.14718 0.28626 0.23012 0.13323 0.07349 0.04442 0.03112 0.02542 0.02361 ( 3)  0.407
 181 T   0.06417 0.26784 0.25794 0.15894 0.08902 0.05308 0.03570 0.02735 0.02359 0.02237 ( 2)  0.332
 182 T   0.00218 0.07445 0.19210 0.21167 0.16326 0.11273 0.07963 0.06141 0.05274 0.04984 ( 4)  0.527
 183 G   0.44053 0.28879 0.14463 0.06367 0.02799 0.01355 0.00766 0.00518 0.00416 0.00384 ( 1)  0.133
 184 L   0.00089 0.03526 0.11421 0.16308 0.16129 0.13754 0.11409 0.09801 0.08935 0.08628 ( 4)  0.639
 185 S   0.00583 0.15913 0.28948 0.22076 0.12567 0.07062 0.04428 0.03215 0.02689 0.02520 ( 3)  0.403
 186 G   0.43685 0.28810 0.14570 0.06484 0.02878 0.01403 0.00797 0.00540 0.00434 0.00400 ( 1)  0.135
 187 N   0.00458 0.13478 0.27371 0.23062 0.13914 0.07913 0.04877 0.03454 0.02836 0.02637 ( 3)  0.423
 188 Y   0.47232 0.28941 0.13243 0.05418 0.02296 0.01108 0.00636 0.00438 0.00356 0.00331 ( 1)  0.119
 189 C   0.50595 0.29645 0.12357 0.04390 0.01569 0.00638 0.00318 0.00198 0.00152 0.00138 ( 1)  0.098
 190 V   0.00005 0.01119 0.06677 0.12623 0.14877 0.14584 0.13547 0.12628 0.12074 0.11867 ( 5)  0.719
 191 E   0.04789 0.23255 0.26621 0.18243 0.10401 0.05932 0.03732 0.02694 0.02240 0.02093 ( 3)  0.351
 192 A   0.00107 0.03942 0.11692 0.15682 0.15225 0.13225 0.11372 0.10117 0.09440 0.09199 ( 4)  0.642
 193 L   0.00003 0.00890 0.06224 0.13186 0.16141 0.15469 0.13682 0.12167 0.11280 0.10956 ( 5)  0.713
 194 T   0.48624 0.28605 0.12481 0.05010 0.02179 0.01114 0.00683 0.00496 0.00417 0.00391 ( 1)  0.117
 195 V   0.00004 0.00989 0.06547 0.13284 0.15914 0.15205 0.13540 0.12148 0.11334 0.11036 ( 5)  0.711
 196 F   0.00210 0.06718 0.16054 0.17409 0.14531 0.11618 0.09618 0.08424 0.07815 0.07603 ( 4)  0.584
 197 T   0.00169 0.06058 0.16459 0.19190 0.15939 0.12018 0.09240 0.07610 0.06798 0.06520 ( 4)  0.570
 198 M   0.00115 0.04838 0.15376 0.19625 0.16788 0.12592 0.09528 0.07736 0.06852 0.06551 ( 4)  0.581
 199 E   0.00000 0.00008 0.00370 0.02558 0.07148 0.12391 0.16580 0.19242 0.20614 0.21088 (10)  0.869
 200 Q   0.00001 0.00418 0.04512 0.12050 0.16365 0.16250 0.14440 0.12773 0.11779 0.11414 ( 5)  0.732
 201 K   0.00000 0.00003 0.00245 0.02220 0.06963 0.12539 0.16848 0.19422 0.20672 0.21088 (10)  0.872
 202 K   0.57320 0.28592 0.09561 0.02818 0.00904 0.00354 0.00176 0.00111 0.00086 0.00078 ( 1)  0.077
 203 I   0.00000 0.00000 0.00015 0.00355 0.02347 0.07364 0.14566 0.21458 0.26047 0.27848 (10)  0.921
 204 S   0.47528 0.29473 0.13451 0.05294 0.02081 0.00915 0.00481 0.00311 0.00243 0.00222 ( 1)  0.113
 205 Q   0.00000 0.00080 0.01429 0.05562 0.10659 0.14347 0.16256 0.17031 0.17286 0.17349 (10)  0.823
 206 P   0.00003 0.00839 0.05991 0.12958 0.16105 0.15566 0.13812 0.12286 0.11385 0.11054 ( 5)  0.716
 207 S   0.41532 0.28058 0.14862 0.07079 0.03419 0.01822 0.01121 0.00807 0.00671 0.00628 ( 1)  0.153
 208 K   0.00000 0.00000 0.00010 0.00313 0.02238 0.07219 0.14470 0.21488 0.26202 0.28060 (10)  0.923
 209 P   0.49252 0.29437 0.12742 0.04786 0.01836 0.00807 0.00430 0.00282 0.00223 0.00205 ( 1)  0.106
 210 F   0.00064 0.03033 0.11094 0.16437 0.16258 0.13820 0.11490 0.09923 0.09087 0.08793 ( 4)  0.645
 211 C   0.39372 0.27764 0.15592 0.07801 0.03864 0.02062 0.01252 0.00886 0.00729 0.00679 ( 1)  0.164
 212 H   0.00107 0.04008 0.12092 0.16273 0.15618 0.13288 0.11167 0.09746 0.08985 0.08715 ( 4)  0.634
 213 L   0.00008 0.01873 0.10737 0.18189 0.18038 0.14530 0.11311 0.09259 0.08209 0.07846 ( 4)  0.639
 214 F   0.00007 0.01682 0.09199 0.15387 0.15972 0.14129 0.12256 0.10988 0.10310 0.10070 ( 5)  0.677
 215 -   0.00032 0.01465 0.05895 0.10817 0.13667 0.14405 0.14081 0.13530 0.13133 0.12976 ( 6)  0.736
 216 -   0.00035 0.01587 0.06393 0.11605 0.14319 0.14627 0.13856 0.12982 0.12408 0.12188 ( 6)  0.724
 217 K   0.07857 0.31484 0.27988 0.15286 0.07371 0.03773 0.02228 0.01556 0.01273 0.01184 ( 2)  0.276
 218 D   0.60565 0.27975 0.08262 0.02122 0.00605 0.00217 0.00102 0.00062 0.00047 0.00043 ( 1)  0.067
 219 E   0.00004 0.01122 0.06879 0.13242 0.15574 0.14934 0.13447 0.12187 0.11442 0.11168 ( 5)  0.710
 220 E   0.00000 0.00000 0.00032 0.00558 0.03011 0.08266 0.15068 0.21202 0.25164 0.26699 (10)  0.914
 221 Y   0.00000 0.00126 0.01951 0.06635 0.11475 0.14487 0.15869 0.16375 0.16525 0.16558 (10)  0.809
 222 N   0.00151 0.05453 0.15431 0.18992 0.16395 0.12531 0.09604 0.07840 0.06954 0.06650 ( 4)  0.581
 223 S   0.00000 0.00076 0.01224 0.04814 0.09622 0.13635 0.16213 0.17624 0.18286 0.18505 (10)  0.835
 224 G   0.00000 0.00109 0.01856 0.06788 0.12071 0.15092 0.16081 0.16134 0.15978 0.15892 ( 8)  0.805
 225 H   0.00001 0.00170 0.01360 0.04297 0.08766 0.13185 0.16297 0.18028 0.18821 0.19076 (10)  0.841
 226 N   0.00000 0.00012 0.00507 0.03170 0.08165 0.13228 0.16762 0.18705 0.19585 0.19865 (10)  0.857
 227 W   0.00000 0.00000 0.00049 0.00734 0.03564 0.09047 0.15552 0.21018 0.24382 0.25653 (10)  0.908
 228 S   0.00000 0.00021 0.00491 0.02579 0.06655 0.11619 0.16115 0.19374 0.21233 0.21913 (10)  0.872
 229 F   0.00000 0.00070 0.01273 0.05078 0.10012 0.13905 0.16232 0.17411 0.17927 0.18091 (10)  0.831
 230 A   0.00000 0.00057 0.01061 0.04433 0.09207 0.13415 0.16264 0.17901 0.18697 0.18965 (10)  0.841
 231 V   0.00000 0.00259 0.03385 0.09510 0.13800 0.15153 0.15032 0.14568 0.14217 0.14077 ( 6)  0.770
 232 L   0.00000 0.00005 0.00246 0.01899 0.05931 0.11312 0.16285 0.19857 0.21867 0.22596 (10)  0.882
 233 I   0.00004 0.00913 0.05264 0.10093 0.12798 0.13900 0.14239 0.14286 0.14260 0.14242 ( 8)  0.755
 234 L   0.00000 0.00043 0.00961 0.04456 0.09602 0.13922 0.16511 0.17770 0.18289 0.18445 (10)  0.838
 235 F   0.00000 0.00013 0.00501 0.03065 0.07836 0.12817 0.16558 0.18840 0.19989 0.20381 (10)  0.861
 236 P   0.00000 0.00008 0.00353 0.02459 0.06978 0.12260 0.16561 0.19333 0.20774 0.21274 (10)  0.870
 237 I   0.00021 0.01428 0.06750 0.12224 0.14476 0.14401 0.13561 0.12767 0.12277 0.12093 ( 5)  0.720
 238 L   0.00005 0.01350 0.08090 0.14788 0.16285 0.14737 0.12751 0.11297 0.10493 0.10205 ( 5)  0.688
 239 L   0.00000 0.00004 0.00159 0.01400 0.04941 0.10336 0.15921 0.20321 0.22964 0.23955 (10)  0.893
 240 I   0.00000 0.00019 0.00655 0.03502 0.08159 0.12747 0.16265 0.18569 0.19818 0.20266 (10)  0.856
 241 S   0.00000 0.00112 0.01930 0.07054 0.12404 0.15270 0.16040 0.15930 0.15688 0.15573 ( 7)  0.801
 242 G   0.00000 0.00025 0.00570 0.02916 0.07241 0.12134 0.16252 0.19069 0.20618 0.21174 (10)  0.866
 243 I   0.00000 0.00060 0.01064 0.04294 0.08860 0.13068 0.16140 0.18056 0.19054 0.19404 (10)  0.844
 244 L   0.00053 0.02151 0.07355 0.11663 0.13429 0.13635 0.13321 0.12974 0.12751 0.12667 ( 6)  0.718
 245 L   0.01479 0.08925 0.14694 0.15549 0.13683 0.11434 0.09710 0.08622 0.08052 0.07852 ( 4)  0.577
 246 Y   0.00038 0.01651 0.06369 0.11229 0.13778 0.14274 0.13840 0.13258 0.12859 0.12703 ( 6)  0.729
 247 T   0.00000 0.00003 0.00186 0.01568 0.05305 0.10752 0.16133 0.20175 0.22510 0.23367 (10)  0.889
 248 S   0.00000 0.00007 0.00261 0.01880 0.05849 0.11249 0.16287 0.19900 0.21919 0.22648 (10)  0.882
 249 -   0.01389 0.08298 0.13776 0.15004 0.13664 0.11738 0.10148 0.09101 0.08540 0.08341 ( 4)  0.592
 250 -   0.01469 0.08734 0.14352 0.15393 0.13758 0.11597 0.09865 0.08743 0.08149 0.07939 ( 4)  0.581
 251 -   0.01331 0.08004 0.13416 0.14769 0.13601 0.11816 0.10321 0.09331 0.08800 0.08611 ( 4)  0.599
 252 -   0.34616 0.25772 0.15901 0.08985 0.05097 0.03110 0.02121 0.01637 0.01417 0.01344 ( 1)  0.208
 253 -   0.00838 0.05412 0.10171 0.12754 0.13272 0.12730 0.11932 0.11275 0.10881 0.10734 ( 5)  0.660
 254 -   0.26322 0.21748 0.15852 0.10825 0.07335 0.05167 0.03904 0.03212 0.02875 0.02761 ( 1)  0.296
 255 -   0.00000 0.00130 0.01355 0.04607 0.09041 0.13122 0.16064 0.17852 0.18758 0.19070 (10)  0.839
 256 -   0.30279 0.23921 0.16193 0.10124 0.06277 0.04089 0.02907 0.02294 0.02006 0.01910 ( 1)  0.249
 257 -   0.00030 0.01341 0.05429 0.10112 0.13084 0.14196 0.14275 0.14026 0.13801 0.13706 ( 7)  0.748
 258 S   0.00001 0.00431 0.03476 0.08806 0.13014 0.14855 0.15172 0.14948 0.14703 0.14595 ( 7)  0.776
 259 P   0.01393 0.08291 0.13707 0.14917 0.13621 0.11748 0.10187 0.09151 0.08592 0.08393 ( 4)  0.593
 260 D   0.54718 0.28875 0.10522 0.03409 0.01203 0.00517 0.00279 0.00187 0.00151 0.00139 ( 1)  0.087
 261 I   0.00003 0.00760 0.05223 0.11227 0.14470 0.14936 0.14248 0.13455 0.12938 0.12741 ( 6)  0.741
 262 L   0.01666 0.09696 0.15424 0.15971 0.13800 0.11277 0.09339 0.08112 0.07470 0.07244 ( 4)  0.561
 263 A   0.00000 0.00052 0.01036 0.04511 0.09504 0.13756 0.16411 0.17779 0.18380 0.18570 (10)  0.838
 264 K   0.00000 0.00023 0.00552 0.02925 0.07329 0.12247 0.16310 0.19041 0.20522 0.21051 (10)  0.865
 265 Q   0.00183 0.06333 0.16757 0.19297 0.15886 0.11879 0.09090 0.07478 0.06684 0.06414 ( 4)  0.565
 266 R   0.00000 0.00110 0.01786 0.06557 0.11818 0.14977 0.16126 0.16293 0.16198 0.16134 ( 8)  0.808
 267 G   0.00001 0.00214 0.01975 0.05871 0.10244 0.13625 0.15768 0.16973 0.17564 0.17765 (10)  0.820
 268 Q   0.00033 0.01482 0.05940 0.10863 0.13689 0.14399 0.14058 0.13498 0.13098 0.12940 ( 6)  0.736
 269 L   0.00076 0.02990 0.09835 0.14585 0.15266 0.13875 0.12198 0.10947 0.10241 0.09986 ( 5)  0.668
 270 L   0.00003 0.00866 0.05954 0.12506 0.15424 0.15134 0.13815 0.12647 0.11953 0.11698 ( 5)  0.723
 271 W   0.00000 0.00001 0.00078 0.00836 0.03556 0.08747 0.15186 0.20922 0.24620 0.26053 (10)  0.908
 272 I   0.00001 0.00433 0.03545 0.09065 0.13393 0.15130 0.15200 0.14734 0.14332 0.14165 ( 7)  0.771
 273 F   0.00002 0.00480 0.03148 0.06976 0.10333 0.13032 0.15063 0.16411 0.17146 0.17410 (10)  0.805
 274 P   0.42816 0.28282 0.14460 0.06647 0.03137 0.01662 0.01029 0.00749 0.00628 0.00590 ( 1)  0.146
 275 D   0.00000 0.00019 0.00525 0.02936 0.07473 0.12446 0.16417 0.18994 0.20356 0.20834 (10)  0.864
 276 -   0.00561 0.03782 0.07651 0.10538 0.12146 0.12850 0.13087 0.13134 0.13129 0.13122 ( 8)  0.711
 277 -   0.00841 0.05440 0.10233 0.12830 0.13329 0.12747 0.11907 0.11217 0.10805 0.10651 ( 5)  0.658
 278 -   0.00007 0.00351 0.01864 0.04805 0.08612 0.12426 0.15590 0.17801 0.19046 0.19499 (10)  0.836
 279 -   0.32270 0.24758 0.16032 0.09574 0.05722 0.03641 0.02559 0.02012 0.01758 0.01674 ( 1)  0.231
 280 -   0.00000 0.00083 0.00948 0.03567 0.07737 0.12250 0.16038 0.18652 0.20101 0.20623 (10)  0.856
 281 -   0.00030 0.01362 0.05563 0.10397 0.13389 0.14359 0.14237 0.13817 0.13490 0.13357 ( 6)  0.743
 282 -   0.00026 0.01187 0.04995 0.09668 0.12895 0.14268 0.14501 0.14318 0.14115 0.14026 ( 7)  0.755
 283 -   0.01122 0.06978 0.12314 0.14305 0.13760 0.12292 0.10884 0.09886 0.09330 0.09129 ( 4)  0.619
 284 -   0.31201 0.24356 0.16179 0.09904 0.06023 0.03864 0.02718 0.02131 0.01857 0.01766 ( 1)  0.240
 285 -   0.00000 0.00076 0.00876 0.03346 0.07402 0.11968 0.15968 0.18834 0.20466 0.21063 (10)  0.861
 286 -   0.01911 0.10846 0.16553 0.16350 0.13551 0.10757 0.08769 0.07567 0.06954 0.06741 ( 3)  0.541
 287 -   0.00000 0.00009 0.00261 0.01676 0.05164 0.10333 0.15772 0.20149 0.22815 0.23821 (10)  0.890
 288 -   0.00000 0.00012 0.00311 0.01925 0.05683 0.10898 0.16027 0.19919 0.22193 0.23032 (10)  0.884
 289 -   0.01429 0.08407 0.13664 0.14656 0.13319 0.11571 0.10186 0.09293 0.08820 0.08653 ( 4)  0.596
 290 -   0.00000 0.00089 0.00993 0.03656 0.07807 0.12256 0.15995 0.18593 0.20043 0.20568 (10)  0.855
 291 -   0.01507 0.08931 0.14594 0.15543 0.13788 0.11537 0.09748 0.08595 0.07986 0.07771 ( 4)  0.577
 292 -   0.25771 0.21419 0.15764 0.10893 0.07472 0.05324 0.04061 0.03364 0.03024 0.02908 ( 1)  0.303
 293 -   0.00018 0.00872 0.03896 0.08123 0.11711 0.13915 0.14979 0.15397 0.15529 0.15560 (10)  0.781
 294 -   0.00942 0.05971 0.10892 0.13219 0.13359 0.12529 0.11570 0.10839 0.10417 0.10262 ( 5)  0.646
 295 -   0.00917 0.05847 0.10763 0.13173 0.13389 0.12593 0.11638 0.10899 0.10469 0.10312 ( 5)  0.648
 296 -   0.27451 0.22284 0.15824 0.10532 0.07001 0.04881 0.03677 0.03027 0.02714 0.02608 ( 1)  0.285
 297 -   0.34616 0.25772 0.15901 0.08985 0.05097 0.03110 0.02121 0.01637 0.01417 0.01344 ( 1)  0.208
 298 -   0.00030 0.01376 0.05582 0.10377 0.13329 0.14302 0.14216 0.13837 0.13537 0.13415 ( 6)  0.744
 299 -   0.00741 0.04835 0.09262 0.11952 0.12876 0.12792 0.12359 0.11940 0.11673 0.11570 ( 5)  0.678
 300 -   0.00026 0.01185 0.04862 0.09267 0.12382 0.13933 0.14497 0.14624 0.14619 0.14605 ( 8)  0.762
 301 -   0.01376 0.08327 0.14034 0.15407 0.13976 0.11834 0.10034 0.08840 0.08199 0.07972 ( 4)  0.586
 302 -   0.02107 0.11759 0.17472 0.16728 0.13450 0.10403 0.08312 0.07076 0.06453 0.06239 ( 3)  0.524
 303 -   0.00000 0.00155 0.01558 0.05081 0.09575 0.13428 0.16021 0.17503 0.18219 0.18459 (10)  0.831
 304 -   0.00000 0.00111 0.01184 0.04165 0.08482 0.12749 0.16055 0.18195 0.19330 0.19730 (10)  0.846
 305 -   0.00045 0.01940 0.07214 0.12152 0.14243 0.14203 0.13409 0.12642 0.12166 0.11986 ( 5)  0.713
 306 -   0.37225 0.26840 0.15699 0.08316 0.04418 0.02544 0.01659 0.01242 0.01058 0.00998 ( 1)  0.184
 307 -   0.27008 0.22157 0.15951 0.10724 0.07149 0.04965 0.03712 0.03033 0.02705 0.02594 ( 1)  0.287
 308 -   0.00905 0.05795 0.10733 0.13208 0.13461 0.12655 0.11663 0.10886 0.10431 0.10264 ( 5)  0.649
 309 -   0.00041 0.01787 0.06759 0.11637 0.13960 0.14214 0.13634 0.12990 0.12570 0.12409 ( 6)  0.722
 310 -   0.33314 0.25035 0.15751 0.09184 0.05430 0.03467 0.02466 0.01964 0.01732 0.01656 ( 1)  0.225
 311 -   0.23294 0.19886 0.15302 0.11157 0.08084 0.06051 0.04801 0.04087 0.03731 0.03608 ( 1)  0.337
 312 -   0.25448 0.21197 0.15670 0.10901 0.07541 0.05424 0.04174 0.03481 0.03141 0.03025 ( 1)  0.308
 313 -   0.01025 0.06376 0.11318 0.13383 0.13278 0.12333 0.11352 0.10633 0.10225 0.10076 ( 4)  0.639
 314 -   0.00000 0.00147 0.01497 0.04953 0.09449 0.13372 0.16049 0.17593 0.18344 0.18597 (10)  0.833
 315 -   0.22558 0.19463 0.15220 0.11287 0.08293 0.06265 0.04996 0.04262 0.03892 0.03765 ( 1)  0.346
 316 -   0.26438 0.21840 0.15903 0.10833 0.07311 0.05126 0.03856 0.03161 0.02824 0.02709 ( 1)  0.294
 317 -   0.23248 0.19892 0.15346 0.11203 0.08110 0.06056 0.04790 0.04067 0.03706 0.03582 ( 1)  0.336
 318 -   0.23294 0.19886 0.15302 0.11157 0.08084 0.06051 0.04801 0.04087 0.03731 0.03608 ( 1)  0.337
 319 -   0.35517 0.26390 0.16127 0.08902 0.04856 0.02818 0.01826 0.01352 0.01140 0.01071 ( 1)  0.195
 320 -   0.24747 0.20828 0.15640 0.11057 0.07747 0.05616 0.04336 0.03619 0.03265 0.03144 ( 1)  0.316
 321 -   0.18647 0.16784 0.14083 0.11376 0.09127 0.07469 0.06351 0.05667 0.05311 0.05185 ( 1)  0.406
 322 -   0.23604 0.20103 0.15399 0.11156 0.08020 0.05955 0.04690 0.03971 0.03613 0.03490 ( 1)  0.332
 323 -   0.33435 0.25241 0.15937 0.09259 0.05404 0.03382 0.02355 0.01844 0.01610 0.01533 ( 1)  0.220
 324 -   0.35517 0.26390 0.16127 0.08902 0.04856 0.02818 0.01826 0.01352 0.01140 0.01071 ( 1)  0.195
 325 -   0.01083 0.06790 0.12115 0.14229 0.13801 0.12387 0.10988 0.09981 0.09415 0.09211 ( 4)  0.622
 326 -   0.00026 0.01198 0.04934 0.09397 0.12493 0.13968 0.14457 0.14535 0.14507 0.14486 ( 8)  0.760
 327 -   0.23704 0.20078 0.15283 0.11037 0.07953 0.05944 0.04722 0.04029 0.03684 0.03565 ( 1)  0.333
 328 -   0.00017 0.00809 0.03661 0.07767 0.11408 0.13795 0.15067 0.15649 0.15880 0.15947 (10)  0.787
 329 -   0.00016 0.00766 0.03493 0.07489 0.11142 0.13661 0.15114 0.15852 0.16181 0.16286 (10)  0.791
 330 -   0.00014 0.00705 0.03286 0.07206 0.10939 0.13616 0.15213 0.16048 0.16425 0.16547 (10)  0.796
 331 -   0.33286 0.25354 0.16174 0.09431 0.05460 0.03353 0.02278 0.01744 0.01500 0.01420 ( 1)  0.218
 332 -   0.31516 0.24419 0.16062 0.09760 0.05925 0.03817 0.02705 0.02137 0.01873 0.01785 ( 1)  0.238
 333 -   0.00008 0.00437 0.02274 0.05635 0.09571 0.13052 0.15588 0.17169 0.17990 0.18276 (10)  0.822
 334 -   0.00015 0.00761 0.03522 0.07625 0.11362 0.13845 0.15158 0.15739 0.15956 0.16017 (10)  0.789
 335 -   0.00028 0.01277 0.05282 0.10025 0.13122 0.14293 0.14361 0.14075 0.13822 0.13715 ( 7)  0.750
 336 -   0.29685 0.23545 0.16073 0.10183 0.06424 0.04267 0.03088 0.02472 0.02180 0.02083 ( 1)  0.257
 337 -   0.23056 0.19783 0.15331 0.11247 0.08174 0.06115 0.04839 0.04105 0.03738 0.03612 ( 1)  0.339
 338 -   0.00026 0.01187 0.04974 0.09614 0.12835 0.14237 0.14509 0.14357 0.14172 0.14089 ( 7)  0.756
 339 -   0.25710 0.21331 0.15676 0.10839 0.07464 0.05353 0.04115 0.03431 0.03097 0.02983 ( 1)  0.305
 340 -   0.00734 0.04851 0.09439 0.12282 0.13190 0.12942 0.12303 0.11713 0.11343 0.11203 ( 5)  0.673
 341 -   0.27960 0.22689 0.16047 0.10566 0.06899 0.04704 0.03466 0.02803 0.02486 0.02379 ( 1)  0.276
 342 -   0.38183 0.27059 0.15434 0.07987 0.04185 0.02404 0.01576 0.01190 0.01019 0.00963 ( 1)  0.179
 343 -   0.31621 0.24426 0.16001 0.09696 0.05887 0.03805 0.02711 0.02153 0.01893 0.01807 ( 1)  0.238
 344 -   0.24586 0.20649 0.15486 0.10974 0.07747 0.05680 0.04442 0.03747 0.03404 0.03287 ( 1)  0.320
 345 -   0.26468 0.21862 0.15914 0.10836 0.07308 0.05118 0.03844 0.03147 0.02809 0.02694 ( 1)  0.293
 346 -   0.24586 0.20649 0.15486 0.10974 0.07747 0.05680 0.04442 0.03747 0.03404 0.03287 ( 1)  0.320
 347 -   0.29546 0.23522 0.16133 0.10253 0.06470 0.04286 0.03090 0.02464 0.02168 0.02068 ( 1)  0.258
 348 -   0.00001 0.00121 0.00996 0.03467 0.07478 0.12005 0.15955 0.18752 0.20326 0.20898 (10)  0.858
 349 -   0.00020 0.00929 0.04083 0.08359 0.11856 0.13919 0.14877 0.15238 0.15347 0.15372 (10)  0.777
 350 -   0.00032 0.01419 0.05546 0.10000 0.12720 0.13829 0.14124 0.14140 0.14104 0.14085 ( 8)  0.750
 351 -   0.00785 0.05157 0.09912 0.12685 0.13373 0.12891 0.12075 0.11377 0.10952 0.10792 ( 5)  0.664
 352 -   0.00111 0.01391 0.04626 0.08679 0.11915 0.13791 0.14626 0.14907 0.14973 0.14981 (10)  0.767
 353 -   0.00022 0.00998 0.04111 0.08056 0.11308 0.13479 0.14775 0.15485 0.15826 0.15940 (10)  0.782
 354 -   0.00021 0.00969 0.04107 0.08212 0.11594 0.13724 0.14845 0.15355 0.15557 0.15616 (10)  0.779
 355 -   0.00611 0.03947 0.07642 0.10309 0.11894 0.12717 0.13088 0.13230 0.13275 0.13286 (10)  0.712
 356 -   0.00914 0.05841 0.10774 0.13207 0.13430 0.12620 0.11639 0.10876 0.10431 0.10267 ( 5)  0.648
 357 -   0.00014 0.00670 0.03145 0.06963 0.10690 0.13474 0.15237 0.16228 0.16709 0.16871 (10)  0.800
 358 -   0.00982 0.06235 0.11366 0.13704 0.13655 0.12558 0.11357 0.10456 0.09938 0.09749 ( 4)  0.636
 359 -   0.37225 0.26840 0.15699 0.08316 0.04418 0.02544 0.01659 0.01242 0.01058 0.00998 ( 1)  0.184
 360 -   0.01316 0.08020 0.13673 0.15210 0.13972 0.11954 0.10215 0.09044 0.08411 0.08185 ( 4)  0.593
 361 -   0.00917 0.05872 0.10862 0.13331 0.13530 0.12654 0.11603 0.10786 0.10310 0.10135 ( 5)  0.646
 362 -   0.00029 0.01332 0.05447 0.10205 0.13209 0.14273 0.14273 0.13957 0.13692 0.13583 ( 6)  0.747
 363 -   0.01643 0.09604 0.15339 0.15910 0.13759 0.11272 0.09377 0.08186 0.07564 0.07346 ( 4)  0.563
 364 -   0.25742 0.21340 0.15665 0.10824 0.07451 0.05346 0.04113 0.03432 0.03100 0.02986 ( 1)  0.305
 365 -   0.24965 0.20903 0.15588 0.10960 0.07664 0.05565 0.04314 0.03615 0.03272 0.03154 ( 1)  0.314
 366 -   0.35313 0.25982 0.15752 0.08752 0.04910 0.02986 0.02041 0.01582 0.01375 0.01306 ( 1)  0.204
 367 -   0.00417 0.02921 0.06293 0.09326 0.11528 0.12922 0.13721 0.14140 0.14334 0.14398 (10)  0.739
 368 -   0.00024 0.01117 0.04751 0.09320 0.12619 0.14174 0.14600 0.14563 0.14445 0.14387 ( 7)  0.761
 369 -   0.01113 0.06891 0.12107 0.14057 0.13591 0.12260 0.10978 0.10068 0.09560 0.09376 ( 4)  0.623
 370 -   0.01946 0.10970 0.16599 0.16285 0.13462 0.10698 0.08746 0.07568 0.06967 0.06759 ( 3)  0.540
 371 -   0.00670 0.04490 0.08919 0.11863 0.13007 0.12999 0.12545 0.12077 0.11773 0.11656 ( 5)  0.684
 372 -   0.00004 0.00281 0.01816 0.05128 0.09306 0.13074 0.15813 0.17508 0.18383 0.18687 (10)  0.831
 373 -   0.00000 0.00073 0.00850 0.03305 0.07392 0.12005 0.16016 0.18858 0.20459 0.21042 (10)  0.861
 374 -   0.31579 0.24443 0.16054 0.09742 0.05908 0.03804 0.02695 0.02130 0.01867 0.01779 ( 1)  0.238
 375 -   0.00730 0.04740 0.09092 0.11834 0.12879 0.12876 0.12460 0.12024 0.11738 0.11627 ( 5)  0.681
 376 -   0.01073 0.06714 0.11971 0.14079 0.13711 0.12381 0.11055 0.10097 0.09558 0.09362 ( 4)  0.625
 377 -   0.00777 0.05023 0.09515 0.12154 0.12977 0.12782 0.12249 0.11755 0.11444 0.11325 ( 5)  0.673
 378 -   0.00026 0.01181 0.04870 0.09334 0.12502 0.14037 0.14527 0.14566 0.14498 0.14460 ( 8)  0.761
 379 -   0.29546 0.23405 0.15969 0.10143 0.06442 0.04323 0.03166 0.02559 0.02271 0.02175 ( 1)  0.260
 380 -   0.22981 0.19541 0.15002 0.10990 0.08073 0.06167 0.05004 0.04340 0.04008 0.03894 ( 1)  0.345
 381 -   0.29309 0.23462 0.16210 0.10361 0.06550 0.04328 0.03104 0.02462 0.02157 0.02056 ( 1)  0.259
 382 S   0.37794 0.26633 0.15229 0.08040 0.04358 0.02594 0.01749 0.01343 0.01160 0.01100 ( 1)  0.186
 383 A   0.04596 0.21973 0.25176 0.17778 0.10699 0.06521 0.04376 0.03327 0.02854 0.02699 ( 3)  0.374
 384 G   0.03055 0.16006 0.21441 0.18109 0.12774 0.08745 0.06318 0.05005 0.04379 0.04169 ( 3)  0.450
 385 N   0.00268 0.08749 0.20971 0.21419 0.15600 0.10452 0.07328 0.05673 0.04899 0.04642 ( 4)  0.507
 386 C   0.03844 0.19226 0.23749 0.18195 0.11711 0.07471 0.05151 0.03972 0.03430 0.03250 ( 3)  0.405
 387 V   0.00000 0.00087 0.01556 0.06023 0.11326 0.14809 0.16278 0.16647 0.16652 0.16622 ( 9)  0.815
 388 P   0.00001 0.00312 0.02610 0.07042 0.11316 0.14107 0.15546 0.16174 0.16412 0.16479 (10)  0.802
 389 Q   0.01747 0.10195 0.16203 0.16593 0.14021 0.11129 0.08954 0.07601 0.06901 0.06657 ( 4)  0.546
 390 S   0.00001 0.00220 0.01958 0.05723 0.10012 0.13482 0.15782 0.17104 0.17750 0.17968 (10)  0.823
 391 F   0.48111 0.28635 0.12642 0.05108 0.02234 0.01154 0.00718 0.00529 0.00448 0.00422 ( 1)  0.120


lnL = -5816.478329

