

TREE # 1

  0  0.0000   6354.143647  x:  1.61828   0.61444   0.05847   0.39526   0.00000   0.55992   0.29392   0.20052   0.07284   0.13949   0.17584   3.00000   0.56581   5.00000  13.99000  
  1 99.0000   6316.152529  x:  1.65004   0.64679   0.15413   0.42748   0.32060   0.62819   0.34627   0.23901   0.08651   0.18379   0.17791   2.98870   0.59740   4.98249  13.98711  
  2 717.6251   6265.181484  x:  1.94335   0.75004   0.39868   0.54842   0.17702   1.07514   0.56303   0.40048   0.09659   0.34994   0.21563   2.90065   0.85573   4.79595  13.96783  
  3 168.9965   6250.720208  x:  2.07040   0.75916   0.42623   0.57719   0.17131   1.15854   0.55664   0.34589   0.02407   0.31245   0.15639   2.86666   0.94881   4.67258  13.96578  
  4 151.0364   6219.915937  x:  2.44899   0.75104   0.44533   0.63817   0.17448   1.32617   0.47459   0.19719   0.12058   0.15425   0.12881   2.76744   1.22106   4.26126  13.96326  
  5 339.1527   6153.935245  x:  3.30975   0.62900   0.30881   0.68900   0.22313   1.45664   0.13313   0.20597   0.04564   0.16408   0.33033   2.55259   1.82153   3.12548  13.97032  
  6 345.3415   6018.576311  x:  4.49330   0.43979   0.00000   0.67183   0.27731   1.37497   0.14727   0.34903   0.08646   0.23535   0.22307   2.27292   2.62151   1.24690  13.99184  
  7 666.3861   6018.576311  x:  4.49330   0.43979   0.00000   0.67183   0.27731   1.37497   0.14727   0.34903   0.08646   0.23535   0.22307   2.27292   2.62151   1.24690  13.99184  
  8 3004.5115   5942.347070  x:  4.47751   0.78257   0.43644   0.67846   0.29332   1.34751   0.50883   0.32190   0.05856   0.25424   0.18506   2.28453   2.65177   1.07468  13.98710  
  9 362.4818   5892.620519  x:  4.44765   0.87396   0.51321   0.65579   0.10583   1.28359   0.58747   0.40342   0.17973   0.29784   0.31854   2.30470   2.59727   0.61510  13.99079  
 10 180.7890   5888.303992  x:  4.44557   0.89173   0.48672   0.69255   0.07930   1.30984   0.59428   0.42049   0.12238   0.32601   0.28159   2.29347   2.64378   0.52880  13.98654  
 11 68.1938   5883.928225  x:  4.44109   0.95388   0.43824   0.77015   0.01290   1.36612   0.62219   0.49811   0.12340   0.37915   0.31378   2.26460   2.79358   0.49295  13.97230  
 12 61.2700   5883.117953  x:  4.43235   0.99082   0.40272   0.79448   0.04579   1.37608   0.62507   0.48756   0.13762   0.36147   0.33276   2.24311   2.83110   0.46713  13.96882  
 13 24.2325   5882.159205  x:  4.40893   1.07942   0.33805   0.80691   0.01405   1.36837   0.62257   0.43875   0.14011   0.32274   0.34053   2.19392   2.85686   0.46181  13.96652  
 14 21.3976   5881.127022  x:  4.35057   1.21609   0.23250   0.78857   0.02491   1.31590   0.62267   0.45112   0.14795   0.35770   0.31784   2.12257   2.85061   0.46789  13.96658  
 15 17.8309   5880.898575  x:  4.31610   1.23369   0.21537   0.77688   0.02745   1.32312   0.62907   0.47578   0.12649   0.33554   0.32670   2.11816   2.84614   0.47116  13.96702  
 16  5.3646   5880.006395  x:  4.13328   1.24910   0.18748   0.75573   0.03131   1.40183   0.63514   0.44424   0.10620   0.35963   0.34195   2.13305   2.85489   0.48062  13.96698  
 17  6.2477   5879.037646  x:  3.94700   1.25069   0.18894   0.77305   0.02669   1.44170   0.61033   0.44505   0.13776   0.33359   0.27977   2.13946   2.88886   0.48619  13.96514  
 18 19.5343   5877.587898  x:  3.71380   1.20818   0.22947   0.83518   0.03060   1.34449   0.55284   0.42034   0.09363   0.32168   0.27748   2.11044   2.99287   0.49726  13.95708  
 19 14.7517   5876.583504  x:  3.59163   1.12301   0.21595   0.80696   0.02885   1.26158   0.60861   0.38993   0.08395   0.30186   0.24747   2.06637   3.10740   0.49766  13.94655  
 20 17.3708   5876.119774  x:  3.57513   1.10581   0.23594   0.72879   0.03532   1.24641   0.57838   0.37988   0.07619   0.29486   0.23384   2.03408   3.19046   0.48841  13.93729  
 21  9.6676   5875.419082  x:  3.92650   1.14128   0.20115   0.76767   0.04424   1.30090   0.58021   0.38879   0.07674   0.30130   0.23406   2.06028   3.14596   0.49398  13.90464  
 22  1.8217   5875.387363  x:  3.92363   1.13151   0.20792   0.77047   0.04417   1.30881   0.58059   0.39094   0.07830   0.30306   0.23685   2.02899   3.14224   0.49339  13.89003  
 23  0.5180   5874.904378  x:  3.76691   1.08098   0.19559   0.71702   0.04607   1.23523   0.56296   0.37790   0.08614   0.29743   0.24553   2.06735   3.29258   0.48469  13.54463  
 24  0.7753   5873.574236  x:  3.19626   0.92007   0.15087   0.65322   0.03420   1.07756   0.47451   0.33929   0.06349   0.26278   0.20795   2.04923   3.58839   0.48222  12.12933  
 25  0.7340   5872.969531  x:  3.02211   0.84750   0.12199   0.61227   0.03710   1.02970   0.41512   0.30673   0.06742   0.23318   0.19083   2.03972   3.66029   0.49821  10.79034  
 26  1.3887   5872.030100  x:  3.16265   0.84713   0.10136   0.61503   0.04625   1.07658   0.39240   0.31090   0.06882   0.23029   0.19409   2.03382   3.49986   0.52210   9.03951  
 27  2.2710   5867.361564  x:  2.91073   0.71320   0.06305   0.50669   0.05631   0.95260   0.31702   0.27290   0.05943   0.19901   0.18166   2.04536   3.34910   0.56687   3.42771  
 28  6.2575   5867.062306  x:  2.86215   0.70050   0.06141   0.49536   0.05576   0.93346   0.31341   0.26886   0.05853   0.19722   0.17984   2.04608   3.34330   0.56933   2.93563  
 29  8.0882   5863.164014  x:  2.60465   0.71033   0.10996   0.45201   0.04279   0.81165   0.38096   0.26149   0.05881   0.21389   0.18300   2.05906   3.35444   0.55411   2.81012  
 30  0.4783   5860.734383  x:  2.40211   0.73958   0.11493   0.51836   0.01781   0.85686   0.38295   0.27309   0.04790   0.20867   0.16903   2.06002   3.35758   0.50734   2.57336  
 31  0.4496   5859.298565  x:  2.58100   0.74817   0.11239   0.51093   0.02011   0.86412   0.37956   0.25479   0.04859   0.20103   0.17369   2.04204   3.32918   0.45419   2.63824  
 32  0.2027   5857.720196  x:  2.73150   0.75932   0.10537   0.49693   0.03453   0.87804   0.38662   0.28309   0.06337   0.21051   0.16681   2.02133   3.06285   0.42358   2.10020  
 33  0.4781   5846.019310  x:  3.04949   0.72654   0.05579   0.39401   0.09635   0.88131   0.36576   0.32679   0.01612   0.22109   0.22601   2.01741   1.67149   0.36879   1.33597  
 34  0.6560   5839.871123  x:  3.30684   0.73056   0.03761   0.35766   0.13050   0.90479   0.36468   0.35411   0.00652   0.23094   0.24792   2.02922   0.80867   0.33904   1.31863  
 35 13.8026   5832.825512  x:  3.47017   0.75571   0.07099   0.46625   0.12403   0.90854   0.36592   0.31397   0.04544   0.24357   0.23557   2.07233   0.16762   0.28244   1.05263  
 36  1.1938   5827.268405  x:  3.43430   0.74378   0.08815   0.51150   0.11136   0.89294   0.35846   0.29729   0.06092   0.24422   0.21428   2.10025   0.11297   0.24622   1.25013  
 37  1.5478   5823.176099  x:  3.32667   0.74752   0.09766   0.49778   0.07242   0.90673   0.37346   0.27787   0.06558   0.22234   0.16426   2.14250   0.10515   0.19613   1.06753  
 38  0.4460   5822.139945  x:  3.33120   0.75740   0.12166   0.51200   0.04737   0.91596   0.38382   0.28336   0.04281   0.21170   0.17512   2.17078  -0.09833   0.18066   0.99336  
 39  0.3115   5821.764204  x:  3.21697   0.74019   0.11117   0.51052   0.04236   0.89724   0.37201   0.27833   0.04410   0.22560   0.17323   2.16395  -0.22111   0.16839   0.92629  
 40  0.2000   5821.431797  x:  3.05915   0.74384   0.09504   0.50306   0.04700   0.88877   0.37354   0.27457   0.04890   0.21523   0.17978   2.13644  -0.35621   0.15713   0.91100  
 41  0.2266   5821.349766  x:  3.02561   0.74716   0.10035   0.50342   0.04877   0.88476   0.36889   0.27778   0.04542   0.21807   0.17683   2.11759  -0.42222   0.14526   0.89545  
 42  0.1038   5821.339331  x:  3.01881   0.74272   0.10179   0.50351   0.04658   0.88450   0.37197   0.27696   0.04603   0.21624   0.17465   2.11453  -0.44430   0.14188   0.88803  
 43  0.0410   5821.338305  x:  3.01788   0.74491   0.10055   0.50348   0.04593   0.88472   0.37172   0.27607   0.04638   0.21634   0.17504   2.11406  -0.45022   0.14084   0.88652  
 44  0.0108   5821.338031  x:  3.01839   0.74469   0.10040   0.50362   0.04611   0.88385   0.37120   0.27598   0.04653   0.21612   0.17500   2.11440  -0.45588   0.14024   0.88550  
 45  0.0075   5821.337988  x:  3.01904   0.74444   0.10038   0.50367   0.04619   0.88403   0.37134   0.27599   0.04649   0.21624   0.17509   2.11449  -0.45767   0.14001   0.88520  
 46  0.0042   5821.337986  x:  3.01911   0.74445   0.10039   0.50361   0.04619   0.88405   0.37133   0.27602   0.04650   0.21623   0.17509   2.11451  -0.45787   0.13996   0.88509  
 47  0.0005   5821.337986  x:  3.01916   0.74446   0.10038   0.50360   0.04619   0.88405   0.37133   0.27602   0.04650   0.21623   0.17508   2.11452  -0.45787   0.13997   0.88511  
 48  0.0001   5821.337986  x:  3.01917   0.74446   0.10037   0.50359   0.04619   0.88404   0.37133   0.27602   0.04650   0.21623   0.17508   2.11452  -0.45786   0.13996   0.88511  
 49  0.0000   5821.337986  x:  3.01916   0.74445   0.10038   0.50359   0.04619   0.88404   0.37133   0.27602   0.04650   0.21623   0.17508   2.11452  -0.45786   0.13996   0.88511  
 50  0.0000   5821.337986  x:  3.01916   0.74445   0.10038   0.50359   0.04619   0.88404   0.37133   0.27602   0.04650   0.21623   0.17508   2.11452  -0.45786   0.13996   0.88511  
 51  0.0000   5821.337986  x:  3.01916   0.74445   0.10038   0.50359   0.04619   0.88404   0.37133   0.27602   0.04650   0.21623   0.17508   2.11452  -0.45786   0.13996   0.88511  
 52  0.0000   5821.337986  x:  3.01916   0.74445   0.10038   0.50359   0.04619   0.88404   0.37133   0.27602   0.04650   0.21623   0.17508   2.11452  -0.45786   0.13996   0.88511  
 53  0.0000   5821.337986  x:  3.01916   0.74445   0.10038   0.50359   0.04619   0.88404   0.37133   0.27602   0.04650   0.21623   0.17508   2.11452  -0.45786   0.13996   0.88511  
 54  0.0000   5821.337986  x:  3.01916   0.74445   0.10038   0.50359   0.04619   0.88404   0.37133   0.27602   0.04650   0.21623   0.17508   2.11452  -0.45786   0.13996   0.88511  
 55  0.0000   5821.337986  x:  3.01916   0.74445   0.10038   0.50359   0.04619   0.88404   0.37133   0.27602   0.04650   0.21623   0.17508   2.11452  -0.45786   0.13996   0.88511  