

TREE # 1

  0  0.0000   6025.777011  x:  1.12063   0.43671   0.06300   0.27808   0.00000   0.39424   0.19438   0.15952   0.04751   0.10152   0.11228   3.00000   1.09854   1.07775  
  1 99.0000   5933.837977  x:  1.18411   0.51916   0.18679   0.35849   0.27496   0.54266   0.32876   0.25401   0.12320   0.20846   0.19671   2.97359   1.08093   1.07996  
  2 763.0109   5898.453198  x:  1.34904   0.59739   0.24535   0.41785   0.21425   0.72260   0.39407   0.23949   0.01345   0.21003   0.13753   2.91083   1.06681   1.06681  
  3 211.7523   5864.275323  x:  1.65533   0.69621   0.28509   0.49246   0.00000   0.97315   0.44316   0.29287   0.09587   0.19947   0.19806   2.78708   1.03950   1.03911  
  4 359.1177   5842.411764  x:  2.13829   0.67538   0.11105   0.57305   0.07617   0.93718   0.28263   0.25753   0.09052   0.30858   0.20923   2.51338   0.99392   0.94938  
  5 87.8500   5833.393187  x:  2.36779   0.68837   0.06768   0.55234   0.13030   0.83107   0.32067   0.31529   0.09479   0.20778   0.17144   2.34166   0.95363   0.88903  
  6 104.7520   5829.932074  x:  2.45741   0.71277   0.09736   0.49519   0.12887   0.75109   0.37075   0.27610   0.07704   0.21291   0.21650   2.23828   0.90977   0.85024  
  7 68.4094   5828.998980  x:  2.46366   0.70989   0.11312   0.45969   0.12093   0.74111   0.37648   0.28657   0.08711   0.24412   0.18858   2.18668   0.86957   0.82354  
  8 28.9466   5827.087805  x:  2.42372   0.66529   0.13740   0.41407   0.13255   0.78579   0.34565   0.27989   0.08424   0.22158   0.19503   2.03305   0.73448   0.70813  
  9 27.2311   5825.568496  x:  2.37163   0.63716   0.15045   0.46686   0.11367   0.78294   0.35910   0.28492   0.08089   0.23049   0.19569   1.91208   0.65659   0.53454  
 10 32.8598   5825.079991  x:  2.37080   0.67616   0.15082   0.48284   0.11305   0.77411   0.34566   0.27669   0.08904   0.22547   0.18820   1.92557   0.58193   0.45526  
 11 11.6738   5824.526700  x:  2.37848   0.69724   0.11680   0.47358   0.11123   0.77832   0.35785   0.28666   0.07896   0.23101   0.19610   1.96166   0.49972   0.35361  
 12 28.5364   5824.462597  x:  2.38359   0.69238   0.11770   0.47019   0.11279   0.78113   0.36101   0.27937   0.08413   0.22955   0.19246   1.96918   0.49652   0.33935  
 13  6.9187   5824.215304  x:  2.41312   0.64839   0.14593   0.48093   0.10793   0.77698   0.36613   0.27752   0.08439   0.22808   0.19019   2.00344   0.46580   0.32120  
 14  5.5205   5824.092762  x:  2.42653   0.63750   0.16398   0.47814   0.10610   0.77601   0.35751   0.28527   0.07914   0.22742   0.19269   2.01745   0.46598   0.30778  
 15 10.4906   5818.378198  x:  2.81113   0.76628   0.12144   0.50352   0.00000   0.92594   0.38972   0.28532   0.04069   0.21668   0.18041   2.20579   0.59513   0.45659  
 16  1.3335   5816.830496  x:  2.86541   0.76684   0.08194   0.49618   0.04742   0.89414   0.37450   0.27265   0.04760   0.20803   0.17453   2.13531   0.54972   0.41586  
 17  0.1488   5816.576182  x:  2.94323   0.76372   0.08013   0.50862   0.04108   0.88101   0.37285   0.27478   0.04507   0.21801   0.17409   2.08470   0.52073   0.38554  
 18  0.0955   5816.494810  x:  3.03663   0.76825   0.07950   0.50767   0.03798   0.88300   0.37251   0.27484   0.04640   0.21577   0.17475   2.10235   0.54104   0.40580  
 19  0.0622   5816.481970  x:  3.05593   0.77363   0.07541   0.50794   0.03909   0.88683   0.37322   0.27600   0.04631   0.21606   0.17622   2.10965   0.53028   0.39637  
 20  0.0170   5816.478633  x:  3.06235   0.77270   0.07739   0.50892   0.04020   0.88864   0.37399   0.27637   0.04694   0.21729   0.17566   2.10886   0.53287   0.39821  
 21  0.0050   5816.478340  x:  3.06283   0.77228   0.07794   0.50910   0.04032   0.88905   0.37409   0.27645   0.04645   0.21709   0.17605   2.10837   0.53333   0.39859  
 22  0.0017   5816.478330  x:  3.06259   0.77223   0.07805   0.50915   0.04025   0.88919   0.37416   0.27641   0.04646   0.21705   0.17599   2.10832   0.53317   0.39846  
 23  0.0004   5816.478329  x:  3.06253   0.77221   0.07806   0.50915   0.04024   0.88920   0.37417   0.27642   0.04645   0.21706   0.17599   2.10835   0.53318   0.39847  
 24  0.0001   5816.478329  x:  3.06252   0.77221   0.07806   0.50915   0.04024   0.88920   0.37417   0.27642   0.04645   0.21706   0.17599   2.10835   0.53318   0.39847  
 25  0.0000   5816.478329  x:  3.06252   0.77221   0.07806   0.50915   0.04024   0.88920   0.37417   0.27642   0.04645   0.21706   0.17599   2.10835   0.53318   0.39847  
 26  0.0000   5816.478329  x:  3.06252   0.77221   0.07806   0.50915   0.04024   0.88920   0.37417   0.27642   0.04645   0.21706   0.17599   2.10835   0.53318   0.39847  