

TREE # 1

  0  0.0000   5910.806756  x:  1.71971   0.63641   0.05399   0.41565   0.00000   0.60393   0.30207   0.22117   0.07581   0.14803   0.17579   3.00000   1.42526   0.09392   0.21966  11.51641  
  1 99.0000   5891.617939  x:  1.75077   0.66472   0.10913   0.43771   0.13163   0.66115   0.34075   0.23149   0.05267   0.19501   0.15734   2.97354   1.40497   0.11884   0.30904  11.51585  
  2 267.3400   5880.518157  x:  1.84544   0.69468   0.16488   0.46309   0.10106   0.78922   0.38357   0.29861   0.09258   0.28022   0.21078   2.89379   1.36591   0.17479   0.30219  11.51400  
  3 120.1137   5867.352769  x:  1.98465   0.72188   0.20849   0.49226   0.02180   0.93111   0.40838   0.29312   0.01750   0.35037   0.17058   2.77614   1.30712   0.26042   0.28643  11.51139  
  4 196.7227   5858.246485  x:  2.17544   0.71536   0.18335   0.52698   0.01931   0.99869   0.38332   0.22159   0.09347   0.35121   0.11021   2.60565   1.21686   0.39919   0.26412  11.50766  
  5 109.7064   5844.886183  x:  2.49791   0.69012   0.10372   0.56454   0.06274   1.02423   0.30974   0.17467   0.07176   0.29635   0.19346   2.30820   1.05319   0.65595   0.23046  11.50089  
  6 211.0164   5836.093925  x:  2.72454   0.68351   0.05544   0.57342   0.09512   0.99542   0.27930   0.26338   0.05572   0.23278   0.16871   2.09758   0.93542   0.84726   0.19031  11.49557  
  7 291.7423   5831.246627  x:  2.86198   0.73199   0.09865   0.52577   0.07129   0.88731   0.35279   0.25910   0.06007   0.20642   0.17611   1.98586   0.85954   0.98893   0.19441  11.49028  
  8 81.3083   5830.582102  x:  2.88211   0.73796   0.10357   0.51655   0.08108   0.86661   0.36304   0.25476   0.05709   0.22324   0.17542   1.97679   0.85192   1.01278   0.16976  11.48883  
  9 50.5345   5830.068037  x:  2.90370   0.73218   0.09417   0.50026   0.07831   0.84311   0.35690   0.25722   0.05638   0.26195   0.17221   1.98588   0.84584   1.04963   0.17411  11.48596  
 10 27.1586   5828.543692  x:  3.01277   0.72207   0.10086   0.46370   0.08611   0.86457   0.36156   0.25837   0.05562   0.24564   0.17269   2.19100   0.88931   1.30870   0.14880  11.45936  
 11 12.2189   5828.090004  x:  3.04709   0.73324   0.10828   0.51642   0.07958   0.84683   0.35744   0.26063   0.05469   0.24949   0.17350   2.24497   0.93811   1.39662   0.14621  11.44723  
 12 18.7532   5827.658510  x:  3.07694   0.73228   0.07744   0.53107   0.07818   0.84529   0.39099   0.26138   0.05196   0.25330   0.17412   2.25912   1.05673   1.48649   0.15060  11.42867  
 13 12.1778   5824.585062  x:  3.28096   0.84782   0.02919   0.49317   0.07867   0.84517   0.37294   0.26843   0.04951   0.26948   0.17587   2.28761   2.03831   2.15293   0.17690  11.28197  
 14 48.5537   5823.202313  x:  3.26327   0.70032   0.13164   0.49259   0.07058   0.84192   0.37109   0.26964   0.04629   0.27570   0.17393   2.23799   2.48160   2.54770   0.17857  11.20693  
 15 22.0914   5822.223752  x:  3.06894   0.73108   0.11664   0.50083   0.06001   0.87954   0.36917   0.26566   0.04643   0.28667   0.17082   2.16182   2.70941   2.94124   0.16970  11.14958  
 16 11.6544   5821.337627  x:  3.07597   0.73856   0.12196   0.50909   0.04666   0.90533   0.37680   0.27537   0.04770   0.23068   0.17621   2.13102   2.95297   3.18474   0.17140  11.01138  
 17  0.3332   5821.094003  x:  3.13462   0.75140   0.10165   0.50841   0.04707   0.89089   0.37799   0.28217   0.04528   0.22070   0.17611   2.14592   3.49182   3.71118   0.16957  10.79239  
 18  0.3513   5821.054852  x:  3.09287   0.74613   0.10549   0.50742   0.04701   0.89254   0.37475   0.27886   0.04666   0.22653   0.17562   2.14140   3.61362   3.82269   0.17245  10.71655  
 19  0.1428   5821.044308  x:  3.07916   0.74360   0.10841   0.50707   0.04764   0.89312   0.37435   0.27736   0.04674   0.22152   0.17570   2.14026   3.70713   3.91644   0.17270  10.61713  
 20  0.1469   5821.039874  x:  3.09027   0.74558   0.10807   0.50732   0.04780   0.89096   0.37613   0.27723   0.04632   0.22179   0.17582   2.14706   3.76380   3.97155   0.17233  10.47492  
 21  0.0690   5821.019254  x:  3.09985   0.74485   0.10868   0.50762   0.04732   0.89512   0.37594   0.27871   0.04663   0.22130   0.17560   2.13720   3.81077   4.02068   0.17335   9.69960  
 22  0.0973   5820.966475  x:  3.12731   0.74303   0.11118   0.50890   0.04890   0.90348   0.37494   0.28100   0.04710   0.22028   0.17543   2.12779   3.67576   3.89858   0.17247   6.75039  
 23  1.0523   5820.868892  x:  3.13220   0.74334   0.11202   0.50949   0.04894   0.90369   0.37464   0.28068   0.04698   0.22056   0.17564   2.13476   3.11565   3.34127   0.17110   3.82073  
 24  1.4569   5820.294096  x:  3.06724   0.74765   0.10679   0.50770   0.04670   0.88210   0.37389   0.27342   0.04561   0.22521   0.17674   2.18269   0.79031   0.99970   0.16582   1.00000  
 25  2.4383   5820.197475  x:  3.04660   0.74893   0.10543   0.50719   0.04601   0.87547   0.37376   0.27108   0.04517   0.22684   0.17708   2.19735   0.29220   0.49420   0.16480   1.00000  
 26 61.3792   5820.197475  x:  3.04660   0.74893   0.10543   0.50719   0.04601   0.87547   0.37376   0.27108   0.04517   0.22684   0.17708   2.19735   0.29220   0.49420   0.16480   1.00000  
 27  0.2080   5820.076300  x:  3.04752   0.74860   0.10569   0.50727   0.04840   0.87877   0.37487   0.27700   0.04847   0.21438   0.17532   2.19491   0.29074   0.49541   0.16961   1.00000  
 28 15.0013   5820.052139  x:  3.04829   0.74839   0.10586   0.50735   0.04877   0.88150   0.37544   0.27800   0.04673   0.21042   0.17463   2.19268   0.29011   0.49580   0.16589   1.00000  
 29  8.7505   5820.020954  x:  3.05251   0.74660   0.10620   0.50667   0.04656   0.89257   0.37606   0.27711   0.04378   0.20980   0.17776   2.18184   0.28520   0.49935   0.16691   1.00000  
 30  4.6169   5820.002691  x:  3.05575   0.74567   0.10688   0.50660   0.04657   0.89913   0.37642   0.27799   0.04659   0.21138   0.17842   2.17376   0.28175   0.50173   0.16536   1.00000  
 31 11.8119   5819.989853  x:  3.05882   0.74537   0.10795   0.50694   0.04775   0.90238   0.37606   0.27798   0.04677   0.21302   0.17483   2.16678   0.27852   0.50390   0.16539   1.00000  
 32  8.9371   5819.967747  x:  3.06848   0.74511   0.11050   0.50858   0.04726   0.89636   0.37074   0.27874   0.04655   0.21252   0.17558   2.14888   0.26966   0.50918   0.16385   1.00000  
 33  3.6506   5819.961171  x:  3.07260   0.74400   0.10949   0.50868   0.04875   0.89319   0.37378   0.27708   0.04671   0.21206   0.17625   2.14314   0.26642   0.51059   0.16343   1.00000  
 34  3.4381   5819.959311  x:  3.07445   0.74344   0.10858   0.50805   0.04744   0.89210   0.37516   0.27768   0.04670   0.21216   0.17570   2.14175   0.26530   0.51071   0.16326   1.00000  
 35  2.0912   5819.958233  x:  3.07771   0.74422   0.10852   0.50688   0.04805   0.89192   0.37567   0.27879   0.04611   0.21262   0.17604   2.14199   0.26406   0.50966   0.16325   1.00000  
 36  0.6900   5819.954309  x:  3.09234   0.74738   0.10788   0.50335   0.04800   0.89222   0.37555   0.27763   0.04671   0.21211   0.17583   2.14442   0.25881   0.50430   0.16292   1.00000  
 37  2.0886   5819.948183  x:  3.11697   0.74873   0.10338   0.50617   0.04877   0.89350   0.37432   0.27805   0.04657   0.21233   0.17587   2.14953   0.24967   0.49430   0.16266   1.00000  
 38  3.1782   5819.946520  x:  3.12359   0.74974   0.10492   0.50847   0.04796   0.89376   0.37561   0.27823   0.04652   0.21239   0.17598   2.15108   0.24659   0.49097   0.16271   1.00000  
 39  1.9799   5819.944984  x:  3.12758   0.74446   0.10861   0.50793   0.04820   0.89368   0.37549   0.27824   0.04649   0.21236   0.17596   2.15309   0.23952   0.48443   0.16248   1.00000  
 40  0.4329   5819.905378  x:  3.12087   0.74756   0.10654   0.50821   0.04824   0.89350   0.37560   0.27823   0.04677   0.21167   0.17603   2.16152  -0.06679   0.21367   0.15836   1.00000  
 41  0.4615   5819.897564  x:  3.12057   0.74677   0.10682   0.50780   0.04818   0.89308   0.37534   0.27811   0.04667   0.21142   0.17597   2.15268  -0.11498   0.14370   0.16014   1.00000  
 42  2.4559   5819.897502  x:  3.11809   0.74678   0.10672   0.50784   0.04814   0.89315   0.37534   0.27811   0.04670   0.21133   0.17601   2.15236  -0.11150   0.14667   0.16036   1.00000  
 43  0.0054   5819.897502  x:  3.11801   0.74678   0.10672   0.50784   0.04814   0.89315   0.37534   0.27811   0.04670   0.21134   0.17601   2.15236  -0.11171   0.14649   0.16036   1.00000  
 44  0.0003   5819.897502  x:  3.11801   0.74678   0.10672   0.50784   0.04814   0.89315   0.37534   0.27811   0.04670   0.21134   0.17601   2.15236  -0.11171   0.14649   0.16036   1.00000  