

TREE # 1

  0  0.0000   5960.320503  x:  1.27883   0.49401   0.06956   0.33947   0.00000   0.46778   0.23534   0.17795   0.08780   0.13566   0.13765   3.00000   1.32593   0.16154   0.20574  11.67973  
  1 99.0000   5918.498165  x:  1.34321   0.56331   0.17422   0.39341   0.27689   0.59711   0.33992   0.24454   0.05492   0.18993   0.15067   2.96619   1.30590   0.18397   0.24307  11.67961  
  2 450.2678   5893.812535  x:  1.50365   0.61897   0.21691   0.42287   0.19750   0.76371   0.38814   0.28436   0.00000   0.20878   0.19928   2.89126   1.25827   0.23479   0.37983  11.67947  
  3 171.5442   5885.173701  x:  1.63278   0.65675   0.24133   0.44941   0.14263   0.87516   0.41761   0.31703   0.07546   0.22603   0.22172   2.82639   1.22491   0.27003   0.38334  11.67938  
  4 303.1427   5860.775110  x:  1.92079   0.72477   0.27179   0.51255   0.04861   1.06915   0.44714   0.31181   0.04610   0.24491   0.15387   2.67282   1.15692   0.34438   0.23447  11.67913  
  5 269.4881   5845.158802  x:  2.28380   0.71110   0.17295   0.56517   0.12752   1.03337   0.33915   0.22573   0.06876   0.17309   0.14108   2.43938   1.01407   0.49650   0.24278  11.67878  
  6 89.2881   5837.155092  x:  2.49704   0.69120   0.09996   0.57347   0.16347   0.96607   0.27951   0.26541   0.04398   0.20200   0.20631   2.29208   0.92427   0.59465   0.20703  11.67841  
  7 221.8045   5833.103537  x:  2.60618   0.68923   0.08120   0.54470   0.16598   0.88136   0.31145   0.30691   0.04416   0.23902   0.15884   2.20535   0.86312   0.66175   0.21692  11.67812  
  8 95.9237   5830.629552  x:  2.67347   0.70711   0.10891   0.49915   0.16032   0.80330   0.38265   0.29212   0.03873   0.22149   0.18358   2.14153   0.81276   0.71841   0.20103  11.67778  
  9 66.0698   5830.279880  x:  2.66413   0.70618   0.13931   0.47166   0.15943   0.80679   0.36100   0.29698   0.03893   0.21773   0.18089   2.13182   0.78214   0.75531   0.19563  11.67735  
 10 10.3595   5829.933249  x:  2.64046   0.67666   0.14580   0.45702   0.15798   0.82521   0.36457   0.28450   0.03976   0.22956   0.18197   2.12329   0.73713   0.81142   0.18825  11.67656  
 11 14.9053   5829.702775  x:  2.62071   0.65782   0.14842   0.46672   0.15409   0.83390   0.37140   0.29513   0.03808   0.21507   0.18054   2.11883   0.70461   0.85406   0.18132  11.67583  
 12 21.0449   5829.528833  x:  2.60427   0.66104   0.15934   0.49652   0.14620   0.82898   0.37022   0.29239   0.03787   0.22094   0.18150   2.11788   0.68004   0.89044   0.17840  11.67497  
 13 11.9865   5829.154111  x:  2.60017   0.73519   0.10855   0.49088   0.14252   0.84179   0.37369   0.29318   0.03630   0.21998   0.18141   2.14232   0.67719   0.95872   0.17196  11.67001  
 14  2.4435   5825.020548  x:  2.94645   0.71437   0.15677   0.50182   0.06288   0.89096   0.40005   0.30344   0.01336   0.22754   0.18394   2.34730   1.13787   1.40925   0.16706  11.60074  
 15  3.3250   5824.146423  x:  2.91834   0.73237   0.15166   0.50760   0.04234   0.92032   0.40039   0.30387   0.00894   0.22853   0.18413   2.16821   1.29565   1.46593   0.17712  11.58457  
 16  6.2687   5823.305114  x:  3.05093   0.74013   0.10403   0.50791   0.05057   0.89717   0.38412   0.28880   0.02340   0.21862   0.18872   2.12094   1.79134   1.90954   0.19538  11.52376  
 17  0.4822   5822.433448  x:  3.21303   0.75782   0.07615   0.51162   0.04381   0.88469   0.36534   0.27132   0.04930   0.21366   0.17167   2.14019   2.96763   3.12747   0.18096  11.37037  
 18  0.8333   5822.038515  x:  3.15272   0.75129   0.10779   0.50598   0.04428   0.89063   0.36997   0.27303   0.06042   0.21559   0.16729   2.14389   3.69945   3.87114   0.17419  11.31432  
 19  0.6194   5821.876720  x:  3.07050   0.74339   0.11629   0.50721   0.04731   0.89754   0.37895   0.28006   0.05080   0.21909   0.17511   2.14100   3.71998   3.90548   0.17807  11.34307  
 20  0.0797   5821.761684  x:  3.06908   0.74407   0.10161   0.51024   0.04909   0.89792   0.37468   0.27565   0.05118   0.21780   0.17575   2.13437   4.51197   4.69615   0.18317  11.30838  
 21  0.5553   5821.684145  x:  3.06621   0.74507   0.10627   0.50772   0.04736   0.89373   0.37583   0.27855   0.04477   0.21742   0.17456   2.14078   5.07265   5.25454   0.17826  11.30328  
 22  0.4211   5821.659500  x:  3.06681   0.74462   0.11049   0.50554   0.04514   0.89182   0.37381   0.27719   0.04730   0.21712   0.17545   2.13935   5.78198   5.95777   0.18015  11.27797  
 23  0.4528   5821.645237  x:  3.05605   0.74356   0.10652   0.50677   0.04850   0.89094   0.37408   0.27725   0.04626   0.21726   0.17563   2.13339   6.48010   6.65962   0.17931  11.26108  
 24  0.5337   5821.638394  x:  3.06150   0.74378   0.10719   0.50761   0.04607   0.89288   0.37569   0.27832   0.04539   0.21754   0.17560   2.14128   7.17094   7.35485   0.17932  11.24314  
 25  0.5256   5821.633915  x:  3.06900   0.74509   0.10796   0.50635   0.04719   0.89340   0.37445   0.27767   0.04651   0.21731   0.17530   2.13779   8.05982   8.23816   0.17946  11.21710  
 26  0.5526   5821.632372  x:  3.07124   0.74446   0.10773   0.50742   0.04731   0.89353   0.37525   0.27802   0.04566   0.21755   0.17588   2.13836   8.83312   9.01760   0.17921  11.19690  
 27  0.5355   5821.631836  x:  3.07367   0.74472   0.10777   0.50728   0.04722   0.89401   0.37519   0.27816   0.04604   0.21759   0.17549   2.13937   9.48545   9.66605   0.17932  11.17875  
 28  0.3883   5821.631433  x:  3.07102   0.74481   0.10786   0.50694   0.04726   0.89363   0.37497   0.27795   0.04586   0.21747   0.17577   2.13794  10.39854  10.58218   0.17921  11.15384  
 29  0.4269   5821.631230  x:  3.06957   0.74443   0.10765   0.50727   0.04716   0.89337   0.37513   0.27797   0.04594   0.21752   0.17560   2.13895  11.26219  11.44348   0.17936  11.13037  
 30  0.5371   5821.631179  x:  3.06881   0.74460   0.10774   0.50699   0.04712   0.89334   0.37495   0.27795   0.04596   0.21745   0.17561   2.13824  11.91277  12.09485   0.17930  11.11250  
 31  0.4322   5821.631146  x:  3.06936   0.74447   0.10769   0.50718   0.04718   0.89335   0.37507   0.27793   0.04592   0.21751   0.17565   2.13881  12.87824  13.05996   0.17934  11.08620  
 32  0.4003   5821.631130  x:  3.06972   0.74459   0.10772   0.50709   0.04715   0.89344   0.37503   0.27799   0.04595   0.21748   0.17561   2.13840  13.76974  13.95172   0.17930  11.06176  
 33  0.5641   5821.631126  x:  3.06967   0.74455   0.10773   0.50711   0.04718   0.89342   0.37503   0.27795   0.04593   0.21749   0.17564   2.13866  14.36152  14.54343   0.17931  11.04564  
 34  0.3819   5821.631122  x:  3.06959   0.74456   0.10771   0.50713   0.04715   0.89341   0.37505   0.27797   0.04594   0.21749   0.17561   2.13846  15.71138  15.89329   0.17931  11.00873  
 35  0.5235   5821.631122  x:  3.06959   0.74456   0.10772   0.50710   0.04716   0.89342   0.37503   0.27796   0.04594   0.21749   0.17563   2.13856  15.91543  16.09735   0.17931  11.00316  
 36  0.2138   5821.631121  x:  3.06960   0.74456   0.10773   0.50710   0.04717   0.89342   0.37502   0.27796   0.04594   0.21749   0.17564   2.13861  17.34879  17.53071   0.17931  10.96400  
 37  0.5962   5821.631121  x:  3.06960   0.74456   0.10772   0.50711   0.04716   0.89342   0.37504   0.27797   0.04594   0.21749   0.17563   2.13854  17.50444  17.68636   0.17931  10.95974  
 38  0.1574   5821.631121  x:  3.06961   0.74456   0.10772   0.50711   0.04716   0.89342   0.37504   0.27797   0.04594   0.21749   0.17562   2.13853  17.63846  17.82038   0.17931  10.95608  
 39  2.9166   5821.631121  x:  3.06960   0.74456   0.10772   0.50711   0.04716   0.89342   0.37504   0.27797   0.04594   0.21749   0.17562   2.13853  17.61211  17.79403   0.17931  10.95680  
 40  0.1891   5821.631121  x:  3.06960   0.74456   0.10772   0.50711   0.04716   0.89342   0.37504   0.27797   0.04594   0.21749   0.17563   2.13855  17.61214  17.79406   0.17931  10.95680  
 41  0.0000   5821.631121  x:  3.06960   0.74456   0.10772   0.50711   0.04716   0.89342   0.37504   0.27797   0.04594   0.21749   0.17563   2.13855  17.61213  17.79405   0.17931  10.95680  
 42  0.0000   5821.631121  x:  3.06960   0.74456   0.10772   0.50711   0.04716   0.89342   0.37504   0.27797   0.04594   0.21749   0.17563   2.13855  17.61213  17.79405   0.17931  10.95680  
 43  0.0000   5821.631121  x:  3.06960   0.74456   0.10772   0.50711   0.04716   0.89342   0.37504   0.27797   0.04594   0.21749   0.17563   2.13855  17.61213  17.79405   0.17931  10.95680  