

TREE # 1

  0  0.0000   5903.915095  x:  1.64944   0.62296   0.05405   0.39776   0.00000   0.58457   0.28803   0.21769   0.06630   0.15478   0.17456   3.00000   1.39940   0.09148   0.28253   1.23481  
  1 99.0000   5885.037864  x:  1.68864   0.66179   0.12728   0.43513   0.15650   0.66393   0.34719   0.24323   0.05160   0.19380   0.15854   2.96796   1.38369   0.10831   0.28534   1.23492  
  2 260.8178   5868.100807  x:  1.86456   0.70446   0.20144   0.47850   0.06091   0.88423   0.40269   0.30850   0.06885   0.23369   0.21271   2.83341   1.30869   0.18803   0.33939   1.23655  
  3 110.6076   5858.945066  x:  1.97631   0.71934   0.22306   0.50519   0.01157   0.98134   0.41172   0.29420   0.01193   0.23293   0.17359   2.74387   1.26203   0.23827   0.30281   1.23762  
  4 199.7941   5853.281280  x:  2.07930   0.72072   0.21904   0.52841   0.00000   1.03103   0.40447   0.27888   0.04862   0.21919   0.15371   2.65680   1.21670   0.28778   0.23481   1.23850  
  5 182.7204   5842.645316  x:  2.32770   0.69993   0.15526   0.56635   0.03992   1.05338   0.34171   0.21446   0.07948   0.16509   0.13578   2.44064   1.08508   0.43083   0.25967   1.24105  
  6 161.6291   5832.715925  x:  2.58720   0.67758   0.07405   0.57915   0.08322   1.00249   0.27278   0.24157   0.04228   0.20920   0.19539   2.20536   0.94070   0.58953   0.21938   1.24273  
  7 220.9334   5827.699130  x:  2.73021   0.70378   0.07369   0.54487   0.07785   0.90459   0.30648   0.30048   0.04717   0.21679   0.14961   2.07505   0.85093   0.69043   0.21912   1.24166  
  8 107.2440   5825.623640  x:  2.79509   0.73418   0.09943   0.51383   0.07211   0.84719   0.35248   0.27147   0.04270   0.21073   0.17638   2.02179   0.80842   0.74138   0.20808   1.23899  
  9 76.8639   5825.495239  x:  2.80332   0.73385   0.10040   0.49801   0.07288   0.85007   0.34980   0.26473   0.04597   0.22226   0.17235   2.03708   0.80043   0.76069   0.20749   1.23242  
 10  7.6071   5825.253789  x:  2.82184   0.73214   0.10210   0.47106   0.07834   0.85844   0.34573   0.27046   0.04328   0.21100   0.17494   2.08034   0.78290   0.80936   0.19989   1.21402  
 11 17.9139   5824.937689  x:  2.85086   0.72651   0.09880   0.49887   0.07394   0.85158   0.35912   0.27035   0.04247   0.21292   0.17541   2.15732   0.76177   0.89520   0.19307   1.17426  
 12 12.9537   5824.892346  x:  2.85564   0.73355   0.10582   0.50407   0.07259   0.84857   0.35040   0.27070   0.04298   0.21300   0.17557   2.16524   0.76617   0.90906   0.19259   1.16217  
 13  6.3138   5824.296612  x:  2.89386   0.76034   0.08761   0.50356   0.07126   0.85132   0.35419   0.27141   0.04298   0.21356   0.17557   2.17664   0.88707   1.02192   0.19203   1.00000  
 14  5.1425   5823.493603  x:  3.00892   0.66346   0.15671   0.49793   0.05825   0.84846   0.36332   0.27414   0.04254   0.21338   0.17570   2.17001   1.39020   1.52770   0.18914   1.00000  
 15 16.4772   5823.183632  x:  2.93908   0.67012   0.15624   0.50269   0.05005   0.87092   0.36489   0.27293   0.04298   0.21218   0.17471   2.11612   1.52409   1.78178   0.18149   1.00000  
 16  6.3505   5822.356951  x:  3.08993   0.73904   0.12021   0.50922   0.03712   0.90309   0.37600   0.27852   0.04563   0.21776   0.17488   2.13526   2.00082   2.18679   0.17264   1.00000  
 17  0.5639   5822.017501  x:  3.12430   0.75662   0.09113   0.50472   0.05257   0.89700   0.37418   0.27965   0.04856   0.21818   0.17744   2.12269   2.70096   2.88510   0.18103   1.00000  
 18  0.4905   5821.781959  x:  3.08959   0.73238   0.12325   0.51385   0.04804   0.89778   0.37522   0.27706   0.04378   0.21851   0.17505   2.14551   3.71127   3.89532   0.17740   1.00000  
 19  0.5159   5821.694050  x:  3.07507   0.75124   0.10550   0.50550   0.04668   0.89586   0.37768   0.27988   0.04700   0.21768   0.17566   2.13758   4.53825   4.72173   0.18144   1.00000  
 20  0.5032   5821.658355  x:  3.06038   0.74433   0.10574   0.50617   0.04877   0.89257   0.37437   0.27751   0.04534   0.21734   0.17575   2.13581   5.33085   5.50933   0.17830   1.00000  
 21  0.5128   5821.645185  x:  3.06471   0.74286   0.10882   0.50756   0.04557   0.89137   0.37451   0.27752   0.04610   0.21744   0.17560   2.14192   6.01382   6.19779   0.17944   1.00000  
 22  0.5042   5821.636588  x:  3.06758   0.74694   0.10455   0.50604   0.04761   0.89355   0.37467   0.27804   0.04622   0.21697   0.17553   2.13499   7.06892   7.24688   0.17946   1.00000  
 23  0.4703   5821.633272  x:  3.07135   0.74367   0.10877   0.50743   0.04706   0.89331   0.37511   0.27785   0.04580   0.21763   0.17559   2.13990   7.79562   7.97949   0.17913   1.00000  
 24  0.5159   5821.632026  x:  3.06952   0.74516   0.10744   0.50716   0.04733   0.89416   0.37515   0.27822   0.04606   0.21749   0.17572   2.13724   8.86817   9.04782   0.17963   1.00000  
 25  0.4737   5821.631495  x:  3.07069   0.74450   0.10782   0.50704   0.04722   0.89321   0.37514   0.27795   0.04585   0.21755   0.17560   2.13915   9.61283   9.79661   0.17910   1.00000  
 26  0.4831   5821.631289  x:  3.06859   0.74436   0.10784   0.50722   0.04707   0.89348   0.37491   0.27792   0.04599   0.21745   0.17564   2.13831  10.45589  10.63648   0.17945   1.00000  
 27  0.4873   5821.631195  x:  3.06982   0.74480   0.10745   0.50699   0.04719   0.89330   0.37508   0.27798   0.04593   0.21747   0.17561   2.13860  11.26507  11.44768   0.17924   1.00000  
 28  0.4766   5821.631151  x:  3.06943   0.74437   0.10792   0.50719   0.04714   0.89346   0.37500   0.27795   0.04594   0.21750   0.17563   2.13857  12.16427  12.34582   0.17935   1.00000  
 29  0.4965   5821.631133  x:  3.06979   0.74469   0.10761   0.50707   0.04718   0.89342   0.37506   0.27799   0.04594   0.21748   0.17562   2.13851  13.03220  13.21433   0.17929   1.00000  
 30  0.4919   5821.631126  x:  3.06953   0.74447   0.10780   0.50714   0.04715   0.89342   0.37502   0.27795   0.04594   0.21749   0.17563   2.13857  13.94525  14.12705   0.17932   1.00000  
 31  0.4937   5821.631123  x:  3.06963   0.74461   0.10767   0.50709   0.04717   0.89341   0.37504   0.27797   0.04594   0.21749   0.17563   2.13853  14.63179  14.81376   0.17931   1.00000  
 32  0.4253   5821.631121  x:  3.06957   0.74452   0.10775   0.50712   0.04716   0.89342   0.37503   0.27796   0.04594   0.21749   0.17563   2.13856  17.00256  17.18445   0.17932   1.00000  
 33  0.6999   5821.631121  x:  3.06961   0.74457   0.10771   0.50711   0.04716   0.89342   0.37504   0.27797   0.04594   0.21749   0.17563   2.13854  21.36217  21.54409   0.17931   1.00000  
 34  2.4506   5821.631121  x:  3.06961   0.74457   0.10771   0.50711   0.04716   0.89342   0.37504   0.27797   0.04594   0.21749   0.17563   2.13854  20.27226  20.45419   0.17931   1.00000  
 35  6.1462   5821.631121  x:  3.06961   0.74457   0.10771   0.50711   0.04716   0.89342   0.37504   0.27797   0.04594   0.21749   0.17563   2.13854  20.26956  20.45148   0.17931   1.00000  
 36 30.0378   5821.631121  x:  3.06961   0.74456   0.10772   0.50711   0.04716   0.89342   0.37504   0.27797   0.04594   0.21749   0.17563   2.13855  20.32315  20.50508   0.17931   1.00000  
 37  2.0767   5821.631121  x:  3.06962   0.74456   0.10772   0.50711   0.04716   0.89342   0.37504   0.27797   0.04594   0.21749   0.17563   2.13855  20.40627  20.58819   0.17931   1.00000  
 38 24.7070   5821.631121  x:  3.06962   0.74456   0.10772   0.50711   0.04716   0.89342   0.37504   0.27797   0.04594   0.21749   0.17563   2.13855  20.40623  20.58815   0.17931   1.00000  
 39 15.1556   5821.631121  x:  3.06962   0.74456   0.10772   0.50711   0.04716   0.89342   0.37504   0.27797   0.04594   0.21749   0.17563   2.13855  20.40623  20.58815   0.17931   1.00000  
 40 12226.1334   5821.631121  x:  3.06962   0.74456   0.10772   0.50711   0.04716   0.89342   0.37504   0.27797   0.04594   0.21749   0.17563   2.13855  20.40623  20.58815   0.17931   1.00000  
 41  0.0036   5821.631121  x:  3.06962   0.74456   0.10772   0.50711   0.04716   0.89342   0.37504   0.27797   0.04594   0.21749   0.17563   2.13855  20.40623  20.58815   0.17931   1.00000  
 42  0.0016   5821.631121  x:  3.06962   0.74456   0.10772   0.50711   0.04716   0.89342   0.37504   0.27797   0.04594   0.21749   0.17563   2.13855  20.40623  20.58815   0.17931   1.00000  
 43  0.0009   5821.631121  x:  3.06961   0.74456   0.10772   0.50711   0.04716   0.89342   0.37503   0.27797   0.04594   0.21749   0.17563   2.13855  20.40623  20.58815   0.17931   1.00000  
 44  0.0015   5821.631121  x:  3.06961   0.74456   0.10772   0.50711   0.04716   0.89342   0.37504   0.27797   0.04594   0.21749   0.17563   2.13855  20.40623  20.58815   0.17931   1.00000  
 45  0.0010   5821.631121  x:  3.06961   0.74456   0.10772   0.50711   0.04716   0.89342   0.37504   0.27797   0.04594   0.21749   0.17563   2.13855  20.40623  20.58815   0.17931   1.00000  
 46  0.0006   5821.631121  x:  3.06961   0.74456   0.10772   0.50711   0.04716   0.89342   0.37504   0.27797   0.04594   0.21749   0.17563   2.13855  20.40623  20.58815   0.17931   1.00000  
 47  0.0004   5821.631121  x:  3.06961   0.74456   0.10772   0.50711   0.04716   0.89342   0.37504   0.27797   0.04594   0.21749   0.17563   2.13855  20.40623  20.58815   0.17931   1.00000  
 48  0.0005   5821.631121  x:  3.06961   0.74456   0.10772   0.50711   0.04716   0.89342   0.37504   0.27797   0.04594   0.21749   0.17563   2.13855  20.40623  20.58815   0.17931   1.00000  
 49  0.0002   5821.631121  x:  3.06961   0.74456   0.10772   0.50711   0.04716   0.89342   0.37504   0.27797   0.04594   0.21749   0.17563   2.13855  20.40623  20.58815   0.17931   1.00000  
 50  0.0008   5821.631121  x:  3.06961   0.74456   0.10772   0.50711   0.04716   0.89342   0.37504   0.27797   0.04594   0.21749   0.17563   2.13855  20.40623  20.58815   0.17931   1.00000  