Supplemental results for CODEML (seqf: align.fa  treef: tree.nwk)


MLEs of dN/dS (w) for site classes (K=4)

site class             0        1       2a       2b
proportion       0.45465  0.54535  0.00000  0.00000
background w     0.17931  1.00000  0.17931  1.00000
foreground w     0.17931  1.00000  1.00000  1.00000

Naive Empirical Bayes (NEB) probabilities for 4 classes
(amino acids refer to 1st sequence: xeno|270561947)

   1 M   0.99538 0.00462 0.00000 0.00000 ( 1)
   2 S   0.98073 0.01927 0.00000 0.00000 ( 1)
   3 V   0.07754 0.92246 0.00000 0.00000 ( 2)
   4 W   0.42384 0.57616 0.00000 0.00000 ( 2)
   5 F   0.57028 0.42972 0.00000 0.00000 ( 1)
   6 T   0.00067 0.99933 0.00000 0.00000 ( 2)
   7 W   0.53973 0.46027 0.00000 0.00000 ( 1)
   8 A   0.17414 0.82586 0.00000 0.00000 ( 2)
   9 F   0.58789 0.41211 0.00000 0.00000 ( 1)
  10 L   0.91539 0.08461 0.00000 0.00000 ( 1)
  11 I   0.02664 0.97336 0.00000 0.00000 ( 2)
  12 S   0.12101 0.87899 0.00000 0.00000 ( 2)
  13 Q   0.00119 0.99881 0.00000 0.00000 ( 2)
  14 C   0.41067 0.58933 0.00000 0.00000 ( 2)
  15 F   0.57127 0.42873 0.00000 0.00000 ( 1)
  16 V   0.46236 0.53764 0.00000 0.00000 ( 2)
  17 L   0.01298 0.98702 0.00000 0.00000 ( 2)
  18 Q   0.02536 0.97464 0.00000 0.00000 ( 2)
  19 I   0.68313 0.31687 0.00000 0.00000 ( 1)
  20 A   0.79066 0.20934 0.00000 0.00000 ( 1)
  21 G   0.96934 0.03066 0.00000 0.00000 ( 1)
  22 L   0.07215 0.92785 0.00000 0.00000 ( 2)
  23 L   0.57549 0.42451 0.00000 0.00000 ( 1)
  24 H   0.94982 0.05018 0.00000 0.00000 ( 1)
  25 P   0.67047 0.32953 0.00000 0.00000 ( 1)
  26 P   0.98644 0.01356 0.00000 0.00000 ( 1)
  27 L   0.04226 0.95774 0.00000 0.00000 ( 2)
  28 N   0.99292 0.00708 0.00000 0.00000 ( 1)
  29 V   0.95297 0.04703 0.00000 0.00000 ( 1)
  30 T   0.15223 0.84777 0.00000 0.00000 ( 2)
  31 T   0.25155 0.74845 0.00000 0.00000 ( 2)
  32 I   0.78314 0.21686 0.00000 0.00000 ( 1)
  33 S   0.95470 0.04530 0.00000 0.00000 ( 1)
  34 R   0.68878 0.31122 0.00000 0.00000 ( 1)
  35 N   0.98612 0.01388 0.00000 0.00000 ( 1)
  36 F   0.10777 0.89223 0.00000 0.00000 ( 2)
  37 R   0.96640 0.03360 0.00000 0.00000 ( 1)
  38 L   0.93740 0.06260 0.00000 0.00000 ( 1)
  39 F   0.99199 0.00801 0.00000 0.00000 ( 1)
  40 L   0.95825 0.04175 0.00000 0.00000 ( 1)
  41 T   0.88286 0.11714 0.00000 0.00000 ( 1)
  42 W   0.86898 0.13102 0.00000 0.00000 ( 1)
  43 A   0.65663 0.34337 0.00000 0.00000 ( 1)
  44 P   0.98231 0.01769 0.00000 0.00000 ( 1)
  45 D   0.32768 0.67232 0.00000 0.00000 ( 2)
  46 P   0.24055 0.75945 0.00000 0.00000 ( 2)
  47 R   0.00265 0.99735 0.00000 0.00000 ( 2)
  48 N   0.80435 0.19565 0.00000 0.00000 ( 1)
  49 P   0.55022 0.44978 0.00000 0.00000 ( 1)
  50 P   0.43124 0.56876 0.00000 0.00000 ( 2)
  51 N   0.05076 0.94924 0.00000 0.00000 ( 2)
  52 V   0.98503 0.01497 0.00000 0.00000 ( 1)
  53 S   0.43604 0.56396 0.00000 0.00000 ( 2)
  54 Y   0.98368 0.01632 0.00000 0.00000 ( 1)
  55 Q   0.33095 0.66905 0.00000 0.00000 ( 2)
  56 V   0.97951 0.02049 0.00000 0.00000 ( 1)
  57 A   0.03210 0.96790 0.00000 0.00000 ( 2)
  58 Y   0.96136 0.03864 0.00000 0.00000 ( 1)
  59 Y   0.00317 0.99683 0.00000 0.00000 ( 2)
  60 M   0.17144 0.82856 0.00000 0.00000 ( 2)
  61 F   0.07500 0.92500 0.00000 0.00000 ( 2)
  62 I   0.06375 0.93625 0.00000 0.00000 ( 2)
  63 E   0.11733 0.88267 0.00000 0.00000 ( 2)
  64 K   0.36576 0.63424 0.00000 0.00000 ( 2)
  65 K   0.90966 0.09034 0.00000 0.00000 ( 1)
  66 W   0.86898 0.13102 0.00000 0.00000 ( 1)
  67 N   0.42591 0.57409 0.00000 0.00000 ( 2)
  68 K   0.00024 0.99976 0.00000 0.00000 ( 2)
  69 -   0.74069 0.25931 0.00000 0.00000 ( 1)
  70 K   0.50085 0.49915 0.00000 0.00000 ( 1)
  71 N   0.00228 0.99772 0.00000 0.00000 ( 2)
  72 C   0.98318 0.01682 0.00000 0.00000 ( 1)
  73 R   0.09698 0.90302 0.00000 0.00000 ( 2)
  74 N   0.99463 0.00537 0.00000 0.00000 ( 1)
  75 I   0.86669 0.13331 0.00000 0.00000 ( 1)
  76 T   0.80858 0.19142 0.00000 0.00000 ( 1)
  77 G   0.05436 0.94564 0.00000 0.00000 ( 2)
  78 K   0.92306 0.07694 0.00000 0.00000 ( 1)
  79 E   0.86208 0.13792 0.00000 0.00000 ( 1)
  80 C   0.98737 0.01263 0.00000 0.00000 ( 1)
  81 D   0.21866 0.78134 0.00000 0.00000 ( 2)
  82 L   0.33166 0.66834 0.00000 0.00000 ( 2)
  83 T   0.96569 0.03431 0.00000 0.00000 ( 1)
  84 C   0.98318 0.01682 0.00000 0.00000 ( 1)
  85 L   0.01869 0.98131 0.00000 0.00000 ( 2)
  86 F   0.68156 0.31844 0.00000 0.00000 ( 1)
  87 Y   0.21770 0.78230 0.00000 0.00000 ( 2)
  88 T   0.18397 0.81603 0.00000 0.00000 ( 2)
  89 H   0.00235 0.99765 0.00000 0.00000 ( 2)
  90 N   0.23420 0.76580 0.00000 0.00000 ( 2)
  91 Y   0.67404 0.32596 0.00000 0.00000 ( 1)
  92 I   0.00085 0.99915 0.00000 0.00000 ( 2)
  93 V   0.98503 0.01497 0.00000 0.00000 ( 1)
  94 G   0.03427 0.96573 0.00000 0.00000 ( 2)
  95 V   0.94059 0.05941 0.00000 0.00000 ( 1)
  96 R   0.27771 0.72229 0.00000 0.00000 ( 2)
  97 T   0.39176 0.60824 0.00000 0.00000 ( 2)
  98 K   0.03172 0.96828 0.00000 0.00000 ( 2)
  99 F   0.71035 0.28965 0.00000 0.00000 ( 1)
 100 G   0.14666 0.85334 0.00000 0.00000 ( 2)
 101 S   0.83666 0.16334 0.00000 0.00000 ( 1)
 102 S   0.00073 0.99927 0.00000 0.00000 ( 2)
 103 M   0.49519 0.50481 0.00000 0.00000 ( 2)
 104 S   0.96766 0.03234 0.00000 0.00000 ( 1)
 105 K   0.05431 0.94569 0.00000 0.00000 ( 2)
 106 W   0.86898 0.13102 0.00000 0.00000 ( 1)
 107 E   0.62353 0.37647 0.00000 0.00000 ( 1)
 108 E   0.30495 0.69505 0.00000 0.00000 ( 2)
 109 I   0.67878 0.32122 0.00000 0.00000 ( 1)
 110 K   0.03208 0.96792 0.00000 0.00000 ( 2)
 111 D   0.98124 0.01876 0.00000 0.00000 ( 1)
 112 I   0.99058 0.00942 0.00000 0.00000 ( 1)
 113 S   0.00474 0.99526 0.00000 0.00000 ( 2)
 114 Y   0.95401 0.04599 0.00000 0.00000 ( 1)
 115 I   0.16261 0.83739 0.00000 0.00000 ( 2)
 116 F   0.77291 0.22709 0.00000 0.00000 ( 1)
 117 T   0.98484 0.01516 0.00000 0.00000 ( 1)
 118 V   0.92698 0.07302 0.00000 0.00000 ( 1)
 119 D   0.94141 0.05859 0.00000 0.00000 ( 1)
 120 P   0.97998 0.02002 0.00000 0.00000 ( 1)
 121 E   0.78325 0.21675 0.00000 0.00000 ( 1)
 122 A   0.89710 0.10290 0.00000 0.00000 ( 1)
 123 P   0.97974 0.02026 0.00000 0.00000 ( 1)
 124 T   0.21872 0.78128 0.00000 0.00000 ( 2)
 125 L   0.73694 0.26306 0.00000 0.00000 ( 1)
 126 E   0.69765 0.30235 0.00000 0.00000 ( 1)
 127 V   0.98503 0.01497 0.00000 0.00000 ( 1)
 128 K   0.57949 0.42051 0.00000 0.00000 ( 1)
 129 F   0.01487 0.98513 0.00000 0.00000 ( 2)
 130 V   0.82237 0.17763 0.00000 0.00000 ( 1)
 131 D   0.83733 0.16267 0.00000 0.00000 ( 1)
 132 K   0.09718 0.90282 0.00000 0.00000 ( 2)
 133 S   0.00585 0.99415 0.00000 0.00000 ( 2)
 134 M   0.04855 0.95145 0.00000 0.00000 ( 2)
 135 Y   0.10038 0.89962 0.00000 0.00000 ( 2)
 136 I   0.58491 0.41509 0.00000 0.00000 ( 1)
 137 N   0.45526 0.54474 0.00000 0.00000 ( 2)
 138 A   0.00325 0.99675 0.00000 0.00000 ( 2)
 139 A   0.00917 0.99083 0.00000 0.00000 ( 2)
 140 V   0.00072 0.99928 0.00000 0.00000 ( 2)
 141 K   0.01637 0.98363 0.00000 0.00000 ( 2)
 142 T   0.00399 0.99601 0.00000 0.00000 ( 2)
 143 P   0.97857 0.02143 0.00000 0.00000 ( 1)
 144 H   0.00005 0.99995 0.00000 0.00000 ( 2)
 145 C   0.95463 0.04537 0.00000 0.00000 ( 1)
 146 I   0.07562 0.92438 0.00000 0.00000 ( 2)
 147 K   0.00415 0.99585 0.00000 0.00000 ( 2)
 148 D   0.00104 0.99896 0.00000 0.00000 ( 2)
 149 I   0.02094 0.97906 0.00000 0.00000 ( 2)
 150 Y   0.14398 0.85602 0.00000 0.00000 ( 2)
 151 -   0.79742 0.20258 0.00000 0.00000 ( 1)
 152 -   0.00030 0.99970 0.00000 0.00000 ( 2)
 153 -   0.48305 0.51695 0.00000 0.00000 ( 2)
 154 N   0.01733 0.98267 0.00000 0.00000 ( 2)
 155 L   0.75301 0.24699 0.00000 0.00000 ( 1)
 156 K   0.00973 0.99027 0.00000 0.00000 ( 2)
 157 Y   0.91289 0.08711 0.00000 0.00000 ( 1)
 158 N   0.00234 0.99766 0.00000 0.00000 ( 2)
 159 I   0.81217 0.18783 0.00000 0.00000 ( 1)
 160 E   0.04078 0.95922 0.00000 0.00000 ( 2)
 161 N   0.02265 0.97735 0.00000 0.00000 ( 2)
 162 A   0.10002 0.89998 0.00000 0.00000 ( 2)
 163 P   0.02476 0.97524 0.00000 0.00000 ( 2)
 164 K   0.04637 0.95363 0.00000 0.00000 ( 2)
 165 Q   0.61914 0.38086 0.00000 0.00000 ( 1)
 166 I   0.56268 0.43732 0.00000 0.00000 ( 1)
 167 K   0.76979 0.23021 0.00000 0.00000 ( 1)
 168 F   0.59150 0.40850 0.00000 0.00000 ( 1)
 169 K   0.78320 0.21680 0.00000 0.00000 ( 1)
 170 E   0.84914 0.15086 0.00000 0.00000 ( 1)
 171 V   0.60625 0.39375 0.00000 0.00000 ( 1)
 172 K   0.00261 0.99739 0.00000 0.00000 ( 2)
 173 M   0.20514 0.79486 0.00000 0.00000 ( 2)
 174 N   0.00308 0.99692 0.00000 0.00000 ( 2)
 175 S   0.16884 0.83116 0.00000 0.00000 ( 2)
 176 A   0.43670 0.56330 0.00000 0.00000 ( 2)
 177 V   0.04606 0.95394 0.00000 0.00000 ( 2)
 178 I   0.26399 0.73601 0.00000 0.00000 ( 2)
 179 L   0.00374 0.99626 0.00000 0.00000 ( 2)
 180 D   0.88162 0.11838 0.00000 0.00000 ( 1)
 181 T   0.90168 0.09832 0.00000 0.00000 ( 1)
 182 T   0.68971 0.31029 0.00000 0.00000 ( 1)
 183 G   0.97070 0.02930 0.00000 0.00000 ( 1)
 184 L   0.42368 0.57632 0.00000 0.00000 ( 2)
 185 S   0.88146 0.11854 0.00000 0.00000 ( 1)
 186 G   0.96969 0.03031 0.00000 0.00000 ( 1)
 187 N   0.86323 0.13677 0.00000 0.00000 ( 1)
 188 Y   0.97345 0.02655 0.00000 0.00000 ( 1)
 189 C   0.98780 0.01220 0.00000 0.00000 ( 1)
 190 V   0.22305 0.77695 0.00000 0.00000 ( 2)
 191 E   0.89986 0.10014 0.00000 0.00000 ( 1)
 192 A   0.43091 0.56909 0.00000 0.00000 ( 2)
 193 L   0.20302 0.79698 0.00000 0.00000 ( 2)
 194 T   0.96886 0.03114 0.00000 0.00000 ( 1)
 195 V   0.22021 0.77979 0.00000 0.00000 ( 2)
 196 F   0.57190 0.42810 0.00000 0.00000 ( 1)
 197 T   0.59666 0.40334 0.00000 0.00000 ( 1)
 198 M   0.56133 0.43867 0.00000 0.00000 ( 1)
 199 E   0.00509 0.99491 0.00000 0.00000 ( 2)
 200 Q   0.13406 0.86594 0.00000 0.00000 ( 2)
 201 K   0.00302 0.99698 0.00000 0.00000 ( 2)
 202 K   0.99177 0.00823 0.00000 0.00000 ( 1)
 203 I   0.00010 0.99990 0.00000 0.00000 ( 2)
 204 S   0.98170 0.01830 0.00000 0.00000 ( 1)
 205 Q   0.02964 0.97036 0.00000 0.00000 ( 2)
 206 P   0.19443 0.80557 0.00000 0.00000 ( 2)
 207 S   0.95470 0.04530 0.00000 0.00000 ( 1)
 208 K   0.00006 0.99994 0.00000 0.00000 ( 2)
 209 P   0.98289 0.01711 0.00000 0.00000 ( 1)
 210 F   0.42096 0.57904 0.00000 0.00000 ( 2)
 211 C   0.95174 0.04826 0.00000 0.00000 ( 1)
 212 H   0.44526 0.55474 0.00000 0.00000 ( 2)
 213 L   0.39012 0.60988 0.00000 0.00000 ( 2)
 214 F   0.31498 0.68502 0.00000 0.00000 ( 2)
 215 -   0.19913 0.80087 0.00000 0.00000 ( 2)
 216 -   0.21917 0.78083 0.00000 0.00000 ( 2)
 217 K   0.94640 0.05360 0.00000 0.00000 ( 1)
 218 D   0.99496 0.00504 0.00000 0.00000 ( 1)
 219 E   0.22464 0.77536 0.00000 0.00000 ( 2)
 220 E   0.00027 0.99973 0.00000 0.00000 ( 2)
 221 Y   0.04291 0.95709 0.00000 0.00000 ( 2)
 222 N   0.56867 0.43133 0.00000 0.00000 ( 1)
 223 S   0.02435 0.97565 0.00000 0.00000 ( 2)
 224 G   0.04142 0.95858 0.00000 0.00000 ( 2)
 225 H   0.03013 0.96987 0.00000 0.00000 ( 2)
 226 N   0.00757 0.99243 0.00000 0.00000 ( 2)
 227 W   0.00042 0.99958 0.00000 0.00000 ( 2)
 228 S   0.00795 0.99205 0.00000 0.00000 ( 2)
 229 F   0.02502 0.97498 0.00000 0.00000 ( 2)
 230 A   0.02074 0.97926 0.00000 0.00000 ( 2)
 231 V   0.08881 0.91119 0.00000 0.00000 ( 2)
 232 L   0.00310 0.99690 0.00000 0.00000 ( 2)
 233 I   0.16218 0.83782 0.00000 0.00000 ( 2)
 234 L   0.01741 0.98259 0.00000 0.00000 ( 2)
 235 F   0.00733 0.99267 0.00000 0.00000 ( 2)
 236 P   0.00489 0.99511 0.00000 0.00000 ( 2)
 237 I   0.22831 0.77169 0.00000 0.00000 ( 2)
 238 L   0.27325 0.72675 0.00000 0.00000 ( 2)
 239 L   0.00200 0.99800 0.00000 0.00000 ( 2)
 240 I   0.01051 0.98949 0.00000 0.00000 ( 2)
 241 S   0.04375 0.95625 0.00000 0.00000 ( 2)
 242 G   0.00955 0.99045 0.00000 0.00000 ( 2)
 243 I   0.02055 0.97945 0.00000 0.00000 ( 2)
 244 L   0.24543 0.75457 0.00000 0.00000 ( 2)
 245 L   0.59742 0.40258 0.00000 0.00000 ( 1)
 246 Y   0.21799 0.78201 0.00000 0.00000 ( 2)
 247 T   0.00224 0.99776 0.00000 0.00000 ( 2)
 248 S   0.00357 0.99643 0.00000 0.00000 ( 2)
 249 -   0.53505 0.46495 0.00000 0.00000 ( 1)
 250 -   0.55768 0.44232 0.00000 0.00000 ( 1)
 251 -   0.52199 0.47801 0.00000 0.00000 ( 1)
 252 -   0.91178 0.08822 0.00000 0.00000 ( 1)
 253 -   0.39255 0.60745 0.00000 0.00000 ( 2)
 254 -   0.82900 0.17100 0.00000 0.00000 ( 1)
 255 -   0.03044 0.96956 0.00000 0.00000 ( 2)
 256 -   0.87869 0.12131 0.00000 0.00000 ( 1)
 257 -   0.18048 0.81952 0.00000 0.00000 ( 2)
 258 S   0.09749 0.90251 0.00000 0.00000 ( 2)
 259 P   0.53166 0.46834 0.00000 0.00000 ( 1)
 260 D   0.98687 0.01313 0.00000 0.00000 ( 1)
 261 I   0.16347 0.83653 0.00000 0.00000 ( 2)
 262 L   0.59315 0.40685 0.00000 0.00000 ( 1)
 263 A   0.01941 0.98059 0.00000 0.00000 ( 2)
 264 K   0.00892 0.99108 0.00000 0.00000 ( 2)
 265 Q   0.60778 0.39222 0.00000 0.00000 ( 1)
 266 R   0.03960 0.96040 0.00000 0.00000 ( 2)
 267 G   0.04695 0.95305 0.00000 0.00000 ( 2)
 268 Q   0.19825 0.80175 0.00000 0.00000 ( 2)
 269 L   0.35821 0.64179 0.00000 0.00000 ( 2)
 270 L   0.19158 0.80842 0.00000 0.00000 ( 2)
 271 W   0.00083 0.99917 0.00000 0.00000 ( 2)
 272 I   0.10073 0.89927 0.00000 0.00000 ( 2)
 273 F   0.08466 0.91534 0.00000 0.00000 ( 2)
 274 P   0.95760 0.04240 0.00000 0.00000 ( 1)
 275 D   0.00967 0.99033 0.00000 0.00000 ( 2)
 276 -   0.28342 0.71658 0.00000 0.00000 ( 2)
 277 -   0.39353 0.60647 0.00000 0.00000 ( 2)
 278 -   0.04841 0.95159 0.00000 0.00000 ( 2)
 279 -   0.89272 0.10728 0.00000 0.00000 ( 1)
 280 -   0.01976 0.98024 0.00000 0.00000 ( 2)
 281 -   0.18586 0.81414 0.00000 0.00000 ( 2)
 282 -   0.16299 0.83701 0.00000 0.00000 ( 2)
 283 -   0.48023 0.51977 0.00000 0.00000 ( 2)
 284 -   0.88711 0.11289 0.00000 0.00000 ( 1)
 285 -   0.01796 0.98204 0.00000 0.00000 ( 2)
 286 -   0.63440 0.36560 0.00000 0.00000 ( 1)
 287 -   0.00382 0.99618 0.00000 0.00000 ( 2)
 288 -   0.00468 0.99532 0.00000 0.00000 ( 2)
 289 -   0.52694 0.47306 0.00000 0.00000 ( 1)
 290 -   0.02084 0.97916 0.00000 0.00000 ( 2)
 291 -   0.56506 0.43494 0.00000 0.00000 ( 1)
 292 -   0.82044 0.17956 0.00000 0.00000 ( 1)
 293 -   0.12034 0.87966 0.00000 0.00000 ( 2)
 294 -   0.42125 0.57875 0.00000 0.00000 ( 2)
 295 -   0.41653 0.58347 0.00000 0.00000 ( 2)
 296 -   0.83885 0.16115 0.00000 0.00000 ( 1)
 297 -   0.91178 0.08822 0.00000 0.00000 ( 1)
 298 -   0.18708 0.81292 0.00000 0.00000 ( 2)
 299 -   0.35259 0.64741 0.00000 0.00000 ( 2)
 300 -   0.15757 0.84243 0.00000 0.00000 ( 2)
 301 -   0.54668 0.45332 0.00000 0.00000 ( 1)
 302 -   0.66386 0.33614 0.00000 0.00000 ( 1)
 303 -   0.03618 0.96382 0.00000 0.00000 ( 2)
 304 -   0.02574 0.97426 0.00000 0.00000 ( 2)
 305 -   0.25273 0.74727 0.00000 0.00000 ( 2)
 306 -   0.93259 0.06741 0.00000 0.00000 ( 1)
 307 -   0.83954 0.16046 0.00000 0.00000 ( 1)
 308 -   0.41607 0.58393 0.00000 0.00000 ( 2)
 309 -   0.23417 0.76583 0.00000 0.00000 ( 2)
 310 -   0.89322 0.10678 0.00000 0.00000 ( 1)
 311 -   0.78153 0.21847 0.00000 0.00000 ( 1)
 312 -   0.81539 0.18461 0.00000 0.00000 ( 1)
 313 -   0.43640 0.56360 0.00000 0.00000 ( 2)
 314 -   0.03456 0.96544 0.00000 0.00000 ( 2)
 315 -   0.77302 0.22698 0.00000 0.00000 ( 1)
 316 -   0.83134 0.16866 0.00000 0.00000 ( 1)
 317 -   0.78345 0.21655 0.00000 0.00000 ( 1)
 318 -   0.78153 0.21847 0.00000 0.00000 ( 1)
 319 -   0.92822 0.07178 0.00000 0.00000 ( 1)
 320 -   0.80729 0.19271 0.00000 0.00000 ( 1)
 321 -   0.69492 0.30508 0.00000 0.00000 ( 1)
 322 -   0.78843 0.21157 0.00000 0.00000 ( 1)
 323 -   0.90141 0.09859 0.00000 0.00000 ( 1)
 324 -   0.92822 0.07178 0.00000 0.00000 ( 1)
 325 -   0.47024 0.52976 0.00000 0.00000 ( 2)
 326 -   0.16014 0.83986 0.00000 0.00000 ( 2)
 327 -   0.78506 0.21494 0.00000 0.00000 ( 1)
 328 -   0.11131 0.88869 0.00000 0.00000 ( 2)
 329 -   0.10588 0.89412 0.00000 0.00000 ( 2)
 330 -   0.09750 0.90250 0.00000 0.00000 ( 2)
 331 -   0.90728 0.09272 0.00000 0.00000 ( 1)
 332 -   0.88537 0.11463 0.00000 0.00000 ( 1)
 333 -   0.06139 0.93861 0.00000 0.00000 ( 2)
 334 -   0.10632 0.89368 0.00000 0.00000 ( 2)
 335 -   0.17443 0.82557 0.00000 0.00000 ( 2)
 336 -   0.86898 0.13102 0.00000 0.00000 ( 1)
 337 -   0.78148 0.21852 0.00000 0.00000 ( 1)
 338 -   0.16261 0.83739 0.00000 0.00000 ( 2)
 339 -   0.81750 0.18250 0.00000 0.00000 ( 1)
 340 -   0.36215 0.63785 0.00000 0.00000 ( 2)
 341 -   0.85162 0.14838 0.00000 0.00000 ( 1)
 342 -   0.93459 0.06541 0.00000 0.00000 ( 1)
 343 -   0.88536 0.11464 0.00000 0.00000 ( 1)
 344 -   0.80072 0.19928 0.00000 0.00000 ( 1)
 345 -   0.83370 0.16630 0.00000 0.00000 ( 1)
 346 -   0.80072 0.19928 0.00000 0.00000 ( 1)
 347 -   0.86912 0.13088 0.00000 0.00000 ( 1)
 348 -   0.02161 0.97839 0.00000 0.00000 ( 2)
 349 -   0.12800 0.87200 0.00000 0.00000 ( 2)
 350 -   0.18299 0.81701 0.00000 0.00000 ( 2)
 351 -   0.38080 0.61920 0.00000 0.00000 ( 2)
 352 -   0.15046 0.84954 0.00000 0.00000 ( 2)
 353 -   0.12748 0.87252 0.00000 0.00000 ( 2)
 354 -   0.12901 0.87099 0.00000 0.00000 ( 2)
 355 -   0.28259 0.71741 0.00000 0.00000 ( 2)
 356 -   0.41727 0.58273 0.00000 0.00000 ( 2)
 357 -   0.09271 0.90729 0.00000 0.00000 ( 2)
 358 -   0.44253 0.55747 0.00000 0.00000 ( 2)
 359 -   0.93259 0.06741 0.00000 0.00000 ( 1)
 360 -   0.53390 0.46610 0.00000 0.00000 ( 1)
 361 -   0.41914 0.58086 0.00000 0.00000 ( 2)
 362 -   0.18110 0.81890 0.00000 0.00000 ( 2)
 363 -   0.59129 0.40871 0.00000 0.00000 ( 1)
 364 -   0.81734 0.18266 0.00000 0.00000 ( 1)
 365 -   0.80745 0.19255 0.00000 0.00000 ( 1)
 366 -   0.91467 0.08533 0.00000 0.00000 ( 1)
 367 -   0.22506 0.77494 0.00000 0.00000 ( 2)
 368 -   0.15347 0.84653 0.00000 0.00000 ( 2)
 369 -   0.46971 0.53029 0.00000 0.00000 ( 2)
 370 -   0.63378 0.36622 0.00000 0.00000 ( 1)
 371 -   0.33615 0.66385 0.00000 0.00000 ( 2)
 372 -   0.04539 0.95461 0.00000 0.00000 ( 2)
 373 -   0.01729 0.98271 0.00000 0.00000 ( 2)
 374 -   0.88570 0.11430 0.00000 0.00000 ( 1)
 375 -   0.34207 0.65793 0.00000 0.00000 ( 2)
 376 -   0.46705 0.53295 0.00000 0.00000 ( 2)
 377 -   0.36094 0.63906 0.00000 0.00000 ( 2)
 378 -   0.15870 0.84130 0.00000 0.00000 ( 2)
 379 -   0.86406 0.13594 0.00000 0.00000 ( 1)
 380 -   0.76578 0.23422 0.00000 0.00000 ( 1)
 381 -   0.86995 0.13005 0.00000 0.00000 ( 1)
 382 S   0.92595 0.07405 0.00000 0.00000 ( 1)
 383 A   0.87094 0.12906 0.00000 0.00000 ( 1)
 384 G   0.78426 0.21574 0.00000 0.00000 ( 1)
 385 N   0.73018 0.26982 0.00000 0.00000 ( 1)
 386 C   0.84086 0.15914 0.00000 0.00000 ( 1)
 387 V   0.03295 0.96705 0.00000 0.00000 ( 2)
 388 P   0.06584 0.93416 0.00000 0.00000 ( 2)
 389 Q   0.62019 0.37981 0.00000 0.00000 ( 1)
 390 S   0.04611 0.95389 0.00000 0.00000 ( 2)
 391 F   0.96669 0.03331 0.00000 0.00000 ( 1)


lnL = -5821.631121

