

TREE # 1

  0  0.0000   5958.295270  x:  1.26220   0.47944   0.06371   0.32264   0.00000   0.45466   0.25087   0.15652   0.08850   0.14131   0.12875   3.00000   1.03293   0.07418   0.23315  
  1 99.0000   5915.279090  x:  1.31671   0.54660   0.16415   0.37656   0.21653   0.56889   0.32703   0.23534   0.07593   0.18416   0.15464   2.97221   1.02181   0.08544   0.19962  
  2 468.0613   5893.877364  x:  1.43684   0.59988   0.21464   0.41001   0.18994   0.70701   0.36866   0.25187   0.01703   0.20063   0.15819   2.91736   0.98027   0.12666   0.33691  
  3 200.4109   5877.722450  x:  1.61012   0.65269   0.24717   0.44971   0.09354   0.86135   0.40048   0.30231   0.09434   0.22027   0.21703   2.83362   0.93501   0.17224   0.35612  
  4 267.8550   5856.761141  x:  1.80923   0.69971   0.26171   0.49650   0.00000   0.99425   0.41223   0.29835   0.05536   0.22388   0.18842   2.73046   0.88859   0.21959   0.25625  
  5 260.2137   5840.376399  x:  2.18695   0.68363   0.12216   0.55441   0.08681   0.99525   0.34449   0.22313   0.10381   0.15585   0.14878   2.49858   0.75499   0.35541   0.24082  
  6 100.7294   5832.303135  x:  2.40147   0.67513   0.04495   0.55027   0.11610   0.92031   0.30125   0.25016   0.06576   0.23407   0.19001   2.35058   0.66517   0.44643   0.22696  
  7 162.1406   5827.156154  x:  2.54370   0.71195   0.07879   0.50097   0.11403   0.79645   0.32790   0.30910   0.05422   0.20612   0.17854   2.23214   0.58851   0.52383   0.21945  
  8 89.9160   5826.150163  x:  2.56621   0.71876   0.09517   0.47690   0.11452   0.77160   0.36116   0.27479   0.05706   0.21455   0.19265   2.20172   0.56543   0.54676   0.21331  
  9 41.4027   5825.892790  x:  2.55422   0.70182   0.09350   0.45768   0.11497   0.78180   0.37235   0.27826   0.06150   0.22080   0.18011   2.18314   0.54240   0.56889   0.20941  
 10 10.4887   5825.570078  x:  2.52662   0.68171   0.10397   0.44455   0.11483   0.79761   0.36409   0.27922   0.05517   0.20840   0.19250   2.15273   0.50224   0.60712   0.20009  
 11 18.2112   5825.315550  x:  2.49889   0.67613   0.12359   0.45826   0.11103   0.80097   0.34846   0.27377   0.06127   0.21592   0.18596   2.12564   0.46520   0.64167   0.19574  
 12 18.7436   5825.195570  x:  2.48415   0.67444   0.11821   0.48107   0.10604   0.79846   0.36095   0.27623   0.05952   0.21393   0.18733   2.11335   0.44734   0.65701   0.19308  
 13  8.3702   5824.888206  x:  2.47275   0.74015   0.08141   0.47638   0.10344   0.80907   0.36103   0.27622   0.05889   0.21242   0.18583   2.10408   0.41974   0.66730   0.18694  
 14  2.1578   5821.154220  x:  2.75548   0.72899   0.12380   0.50022   0.05617   0.86863   0.37269   0.27710   0.03724   0.21523   0.17259   2.16377   0.28854   0.53357   0.14989  
 15  1.8796   5821.014830  x:  2.76088   0.72813   0.12443   0.50049   0.05361   0.87398   0.37189   0.27705   0.03788   0.21472   0.17232   2.09405   0.30218   0.47878   0.15809  
 16  0.7958   5820.116470  x:  2.95301   0.73749   0.12045   0.50714   0.03790   0.89113   0.37731   0.27660   0.04873   0.20939   0.17265   2.14342   0.10070   0.34505   0.16853  
 17  1.0311   5819.917872  x:  3.09258   0.74561   0.10023   0.50451   0.04862   0.88521   0.37384   0.27494   0.04633   0.20986   0.17694   2.14701  -0.08035   0.17532   0.16081  
 18  0.1788   5819.901358  x:  3.11382   0.74795   0.10389   0.50735   0.04627   0.89130   0.37448   0.27778   0.04695   0.21152   0.17513   2.15168  -0.11655   0.13954   0.16017  
 19  0.0406   5819.897693  x:  3.11790   0.74720   0.10646   0.50781   0.04799   0.89303   0.37524   0.27803   0.04669   0.21139   0.17613   2.15313  -0.12088   0.13631   0.16069  
 20  0.0048   5819.897518  x:  3.11764   0.74685   0.10669   0.50783   0.04815   0.89307   0.37534   0.27809   0.04672   0.21130   0.17602   2.15246  -0.11751   0.14119   0.16028  
 21  0.0056   5819.897504  x:  3.11766   0.74670   0.10676   0.50785   0.04814   0.89317   0.37534   0.27813   0.04668   0.21133   0.17600   2.15223  -0.11301   0.14510   0.16037  
 22  0.0036   5819.897502  x:  3.11797   0.74676   0.10673   0.50784   0.04814   0.89316   0.37534   0.27811   0.04670   0.21134   0.17601   2.15237  -0.11172   0.14649   0.16036  
 23  0.0014   5819.897502  x:  3.11801   0.74678   0.10672   0.50784   0.04814   0.89315   0.37534   0.27811   0.04670   0.21134   0.17601   2.15236  -0.11172   0.14648   0.16036  
 24  0.0000   5819.897502  x:  3.11801   0.74678   0.10672   0.50784   0.04814   0.89315   0.37534   0.27811   0.04670   0.21134   0.17601   2.15236  -0.11170   0.14649   0.16036  