

TREE # 1

  0  0.0000   5898.888816  x:  1.65130   0.61815   0.05731   0.39676   0.00000   0.57081   0.29718   0.20444   0.07515   0.14653   0.16852   3.00000   1.04172   0.17197   0.28141   2.55016  
  1 99.0000   5878.638295  x:  1.68740   0.65511   0.12508   0.43145   0.15221   0.64905   0.34884   0.24183   0.06036   0.19619   0.16166   2.97095   1.03310   0.18250   0.24009   2.54906  
  2 276.1048   5860.308834  x:  1.87105   0.70387   0.20628   0.47198   0.05580   0.88526   0.40274   0.29543   0.01010   0.24307   0.17891   2.83792   0.96122   0.26371   0.30479   2.54388  
  3 108.7307   5854.415484  x:  1.96500   0.71661   0.22460   0.49260   0.01220   0.97132   0.41511   0.31397   0.06716   0.24812   0.19196   2.76646   0.92807   0.30256   0.26760   2.54088  
  4 219.6700   5849.643235  x:  2.02701   0.71780   0.22059   0.50560   0.00000   1.00145   0.41022   0.29619   0.06093   0.23441   0.17324   2.71741   0.90500   0.32993   0.23091   2.53872  
  5 158.7056   5839.746479  x:  2.27187   0.70222   0.16333   0.54447   0.05026   1.04189   0.36728   0.23003   0.09550   0.16704   0.15649   2.51885   0.79657   0.45686   0.24795   2.52914  
  6 171.1321   5830.327375  x:  2.54415   0.67885   0.07390   0.55136   0.08284   0.98608   0.30276   0.25843   0.06263   0.21907   0.21750   2.28701   0.67129   0.60636   0.21072   2.51588  
  7 162.8338   5825.572223  x:  2.69480   0.71262   0.08468   0.51831   0.07952   0.88322   0.33295   0.31370   0.06662   0.22422   0.16749   2.15501   0.59816   0.69750   0.20771   2.50558  
  8 96.0675   5824.272134  x:  2.74125   0.73673   0.10786   0.49612   0.07572   0.84217   0.36915   0.28884   0.06220   0.22002   0.19497   2.11696   0.57768   0.72714   0.20000   2.50006  
  9 53.1770   5824.221781  x:  2.74687   0.73332   0.10418   0.48627   0.07656   0.84431   0.37417   0.28439   0.06402   0.22641   0.19160   2.12224   0.57960   0.73404   0.19990   2.49422  
 10  4.5637   5824.124710  x:  2.76300   0.72955   0.10261   0.46816   0.07988   0.84911   0.37555   0.28966   0.06157   0.21814   0.19396   2.14186   0.58884   0.75516   0.19597   2.47423  
 11  6.7156   5823.825891  x:  2.81958   0.73461   0.11981   0.46397   0.07998   0.84526   0.35672   0.28498   0.06296   0.22335   0.19167   2.21297   0.62889   0.83366   0.19121   2.39563  
 12 12.3237   5823.461389  x:  2.88432   0.72696   0.11263   0.49429   0.07575   0.83564   0.37867   0.28843   0.05956   0.22132   0.19244   2.29142   0.68890   0.93077   0.18582   2.29083  
 13 28.1750   5821.924961  x:  2.98054   0.83448   0.04427   0.49567   0.06956   0.85714   0.37880   0.28454   0.05194   0.21944   0.18474   2.24792   1.14869   1.25775   0.18425   1.74720  
 14  7.7204   5820.905843  x:  2.99774   0.72831   0.11745   0.49652   0.06102   0.86236   0.37473   0.27989   0.04543   0.21571   0.17909   2.16181   1.44172   1.51002   0.18046   1.36136  
 15 21.6741   5820.712902  x:  2.94050   0.73633   0.11472   0.50105   0.05835   0.87580   0.37407   0.27839   0.04560   0.21383   0.17814   2.14623   1.42641   1.61375   0.17076   1.28958  
 16  3.9766   5820.395448  x:  3.10001   0.75135   0.10577   0.50977   0.04320   0.89512   0.37711   0.27718   0.04557   0.21378   0.17301   2.15749   1.14465   1.35869   0.16910   1.31990  
 17  0.2742   5820.129486  x:  3.19163   0.75023   0.09935   0.50743   0.04952   0.89501   0.37367   0.27883   0.04699   0.20962   0.17911   2.14979   0.58135   0.83168   0.15992   1.00000  
 18  0.3181   5820.047469  x:  3.23874   0.75020   0.09684   0.50666   0.05211   0.89544   0.37233   0.27947   0.04797   0.20869   0.18114   2.14743   0.13234   0.40230   0.15551   1.00000  
 19  2.5364   5819.910573  x:  3.13441   0.74416   0.10950   0.50723   0.05155   0.89232   0.37492   0.27850   0.04833   0.21399   0.17622   2.14970  -0.11586   0.14818   0.16007   1.00000  
 20  0.1449   5819.898761  x:  3.12194   0.74635   0.10884   0.50845   0.04877   0.89436   0.37589   0.27860   0.04628   0.21144   0.17611   2.15354  -0.10160   0.15618   0.16038   1.00000  
 21  0.0204   5819.897629  x:  3.12010   0.74663   0.10681   0.50795   0.04814   0.89383   0.37546   0.27815   0.04660   0.21133   0.17598   2.15165  -0.11167   0.14649   0.16053   1.00000  
 22  0.0088   5819.897505  x:  3.11827   0.74687   0.10662   0.50783   0.04815   0.89321   0.37535   0.27809   0.04669   0.21138   0.17598   2.15248  -0.11201   0.14618   0.16034   1.00000  
 23  0.0020   5819.897502  x:  3.11799   0.74680   0.10670   0.50784   0.04814   0.89316   0.37534   0.27812   0.04670   0.21134   0.17601   2.15239  -0.11158   0.14659   0.16036   1.00000  
 24  0.0007   5819.897502  x:  3.11801   0.74678   0.10672   0.50784   0.04814   0.89315   0.37534   0.27811   0.04670   0.21134   0.17601   2.15236  -0.11172   0.14647   0.16036   1.00000  
 25  0.0002   5819.897502  x:  3.11800   0.74678   0.10672   0.50784   0.04814   0.89315   0.37534   0.27811   0.04670   0.21134   0.17601   2.15236  -0.11171   0.14649   0.16036   1.00000  
 26  0.0000   5819.897502  x:  3.11800   0.74678   0.10672   0.50784   0.04814   0.89315   0.37534   0.27811   0.04670   0.21134   0.17601   2.15236  -0.11171   0.14649   0.16036   1.00000  