

TREE # 1

  0  0.0000   6053.233107  x:  1.41398   0.53087   0.05545   0.34215   0.00000   0.48407   0.27116   0.19713   0.08586   0.14115   0.14975   3.00000   0.33473   1.80601  
  1 99.0000   5928.768389  x:  1.49012   0.61133   0.17981   0.40369   0.29209   0.63581   0.35064   0.20541   0.00000   0.17912   0.10788   2.94704   0.89335   1.69245  
  2 600.6986   5906.695159  x:  1.52260   0.62941   0.20354   0.41711   0.32444   0.68222   0.36940   0.24364   0.10859   0.19354   0.16234   2.92628   1.01638   1.66047  
  3 665.0761   5863.991104  x:  1.76682   0.66429   0.18573   0.43507   0.00000   0.86548   0.36083   0.27261   0.05650   0.21704   0.22727   2.78753   1.20161   1.53682  
  4 148.7501   5863.991104  x:  1.76682   0.66429   0.18573   0.43507   0.00000   0.86548   0.36083   0.27261   0.05650   0.21704   0.22727   2.78753   1.20161   1.53682  
  5 92.9112   5858.454199  x:  1.79764   0.67310   0.18873   0.45702   0.05423   0.87038   0.37209   0.26169   0.02790   0.20967   0.17878   2.76294   1.20803   1.52367  
  6 121.1592   5853.257941  x:  1.91525   0.68876   0.17888   0.50534   0.08485   0.87946   0.38205   0.28466   0.10049   0.20385   0.13951   2.67004   1.22767   1.47524  
  7 86.2259   5833.051431  x:  2.43738   0.73693   0.10412   0.63972   0.00000   0.90480   0.35654   0.24568   0.06684   0.22587   0.14473   2.25166   1.30469   1.25664  
  8 152.5828   5830.111081  x:  2.53547   0.75110   0.09875   0.63528   0.03250   0.90553   0.36475   0.27112   0.04976   0.22305   0.20055   2.16726   1.29886   1.21856  
  9 122.4877   5827.059453  x:  2.64577   0.76371   0.09520   0.53207   0.02747   0.88809   0.37741   0.32229   0.02974   0.20167   0.17941   2.06636   1.22411   1.18751  
 10 53.1477   5825.001810  x:  2.72591   0.76848   0.09142   0.44805   0.04616   0.87419   0.38794   0.28519   0.04576   0.22325   0.17616   1.99438   1.13418   1.16617  
 11 71.7940   5823.956733  x:  2.76648   0.75864   0.08262   0.45622   0.05133   0.86534   0.36779   0.27087   0.04936   0.19206   0.18112   1.96921   1.02222   1.14348  
 12 26.2501   5823.316787  x:  2.79037   0.75367   0.08191   0.47247   0.05132   0.86183   0.36079   0.28275   0.04428   0.21330   0.17859   1.96104   0.93727   1.11241  
 13 42.1833   5821.728772  x:  2.83475   0.76119   0.12134   0.47780   0.03291   0.87915   0.41679   0.27488   0.04268   0.20249   0.18306   1.99734   0.74665   0.86555  
 14 20.7301   5818.135080  x:  2.90268   0.72443   0.12298   0.44251   0.05004   0.87755   0.38856   0.27396   0.04532   0.19849   0.18025   2.08036   0.44035   0.34443  
 15 89.8089   5818.064457  x:  2.89876   0.73096   0.12355   0.44590   0.04942   0.85512   0.39075   0.27286   0.04563   0.19842   0.18038   2.07767   0.43586   0.33097  
 16  4.2751   5817.980290  x:  2.88694   0.73547   0.10206   0.44902   0.04871   0.85710   0.40043   0.27314   0.04528   0.19853   0.18029   2.06904   0.43384   0.32129  
 17  1.7578   5817.787737  x:  2.86320   0.77225   0.08881   0.45299   0.04723   0.87811   0.38993   0.27270   0.04641   0.19985   0.17957   2.05112   0.43234   0.30399  
 18  5.8495   5817.202135  x:  2.94127   0.72167   0.12512   0.46422   0.04677   0.89643   0.38471   0.27391   0.04513   0.20584   0.18039   2.13018   0.47808   0.32355  
 19  1.6296   5817.028025  x:  2.98627   0.76383   0.09226   0.46602   0.04760   0.89480   0.38397   0.27448   0.04474   0.20755   0.18133   2.18677   0.49191   0.34522  
 20  3.2819   5816.596668  x:  2.95374   0.75743   0.09342   0.49804   0.04247   0.89467   0.37568   0.27360   0.04603   0.21445   0.17821   2.10715   0.55259   0.42229  
 21  0.4823   5816.497325  x:  3.01651   0.77021   0.07700   0.51195   0.04068   0.88711   0.37158   0.27661   0.04605   0.21828   0.17621   2.11612   0.53140   0.39702  
 22  0.0803   5816.479484  x:  3.05572   0.77212   0.07947   0.51006   0.03912   0.88882   0.37526   0.27665   0.04628   0.21724   0.17586   2.10879   0.53286   0.39746  
 23  0.0291   5816.478370  x:  3.06145   0.77205   0.07817   0.50902   0.04013   0.88916   0.37400   0.27631   0.04651   0.21701   0.17594   2.10800   0.53319   0.39822  
 24  0.0065   5816.478330  x:  3.06253   0.77223   0.07801   0.50915   0.04024   0.88922   0.37420   0.27641   0.04645   0.21706   0.17600   2.10841   0.53318   0.39842  
 25  0.0010   5816.478329  x:  3.06253   0.77221   0.07806   0.50915   0.04025   0.88920   0.37417   0.27642   0.04645   0.21706   0.17599   2.10835   0.53319   0.39847  
 26  0.0001   5816.478329  x:  3.06252   0.77221   0.07806   0.50915   0.04024   0.88920   0.37417   0.27642   0.04645   0.21706   0.17599   2.10835   0.53319   0.39847  
 27  0.0000   5816.478329  x:  3.06252   0.77221   0.07806   0.50915   0.04024   0.88920   0.37417   0.27642   0.04645   0.21706   0.17599   2.10835   0.53318   0.39847  
 28  0.0000   5816.478329  x:  3.06252   0.77221   0.07806   0.50915   0.04024   0.88920   0.37417   0.27642   0.04645   0.21706   0.17599   2.10835   0.53318   0.39847  
 29  0.0000   5816.478329  x:  3.06252   0.77221   0.07806   0.50915   0.04024   0.88920   0.37417   0.27642   0.04645   0.21706   0.17599   2.10835   0.53318   0.39847  