Supplemental results for CODEML (seqf: align.fa  treef: tree.nwk)


MLEs of dN/dS (w) for site classes (K=2)

p:   0.98833  0.01167
w:   0.50270 130.05426

Naive Empirical Bayes (NEB) probabilities for 2 classes & postmean_w & P(w>1)
(amino acids refer to 1st sequence: xeno|270561947)

   1 M   1.00000 0.00000 ( 1)  0.503  0.000
   2 S   1.00000 0.00000 ( 1)  0.503  0.000
   3 V   1.00000 0.00000 ( 1)  0.503  0.000
   4 W   1.00000 0.00000 ( 1)  0.503  0.000
   5 F   1.00000 0.00000 ( 1)  0.503  0.000
   6 T   0.96626 0.03374 ( 1)  4.874  0.034
   7 W   1.00000 0.00000 ( 1)  0.503  0.000
   8 A   0.99999 0.00001 ( 1)  0.504  0.000
   9 F   1.00000 0.00000 ( 1)  0.503  0.000
  10 L   1.00000 0.00000 ( 1)  0.503  0.000
  11 I   0.99562 0.00438 ( 1)  1.070  0.004
  12 S   0.99998 0.00002 ( 1)  0.505  0.000
  13 Q   0.99998 0.00002 ( 1)  0.505  0.000
  14 C   1.00000 0.00000 ( 1)  0.503  0.000
  15 F   1.00000 0.00000 ( 1)  0.503  0.000
  16 V   1.00000 0.00000 ( 1)  0.503  0.000
  17 L   1.00000 0.00000 ( 1)  0.503  0.000
  18 Q   0.99995 0.00005 ( 1)  0.509  0.000
  19 I   1.00000 0.00000 ( 1)  0.503  0.000
  20 A   1.00000 0.00000 ( 1)  0.503  0.000
  21 G   1.00000 0.00000 ( 1)  0.503  0.000
  22 L   1.00000 0.00000 ( 1)  0.503  0.000
  23 L   1.00000 0.00000 ( 1)  0.503  0.000
  24 H   1.00000 0.00000 ( 1)  0.503  0.000
  25 P   1.00000 0.00000 ( 1)  0.503  0.000
  26 P   1.00000 0.00000 ( 1)  0.503  0.000
  27 L   0.99997 0.00003 ( 1)  0.506  0.000
  28 N   1.00000 0.00000 ( 1)  0.503  0.000
  29 V   1.00000 0.00000 ( 1)  0.503  0.000
  30 T   1.00000 0.00000 ( 1)  0.503  0.000
  31 T   0.99999 0.00001 ( 1)  0.503  0.000
  32 I   1.00000 0.00000 ( 1)  0.503  0.000
  33 S   1.00000 0.00000 ( 1)  0.503  0.000
  34 R   1.00000 0.00000 ( 1)  0.503  0.000
  35 N   1.00000 0.00000 ( 1)  0.503  0.000
  36 F   0.99999 0.00001 ( 1)  0.504  0.000
  37 R   1.00000 0.00000 ( 1)  0.503  0.000
  38 L   1.00000 0.00000 ( 1)  0.503  0.000
  39 F   1.00000 0.00000 ( 1)  0.503  0.000
  40 L   1.00000 0.00000 ( 1)  0.503  0.000
  41 T   1.00000 0.00000 ( 1)  0.503  0.000
  42 W   1.00000 0.00000 ( 1)  0.503  0.000
  43 A   1.00000 0.00000 ( 1)  0.503  0.000
  44 P   1.00000 0.00000 ( 1)  0.503  0.000
  45 D   1.00000 0.00000 ( 1)  0.503  0.000
  46 P   1.00000 0.00000 ( 1)  0.503  0.000
  47 R   0.99973 0.00027 ( 1)  0.537  0.000
  48 N   1.00000 0.00000 ( 1)  0.503  0.000
  49 P   1.00000 0.00000 ( 1)  0.503  0.000
  50 P   1.00000 0.00000 ( 1)  0.503  0.000
  51 N   0.99997 0.00003 ( 1)  0.506  0.000
  52 V   1.00000 0.00000 ( 1)  0.503  0.000
  53 S   1.00000 0.00000 ( 1)  0.503  0.000
  54 Y   1.00000 0.00000 ( 1)  0.503  0.000
  55 Q   1.00000 0.00000 ( 1)  0.503  0.000
  56 V   1.00000 0.00000 ( 1)  0.503  0.000
  57 A   1.00000 0.00000 ( 1)  0.503  0.000
  58 Y   1.00000 0.00000 ( 1)  0.503  0.000
  59 Y   0.99999 0.00001 ( 1)  0.504  0.000
  60 M   1.00000 0.00000 ( 1)  0.503  0.000
  61 F   0.99947 0.00053 ( 1)  0.571  0.001
  62 I   0.99996 0.00004 ( 1)  0.508  0.000
  63 E   1.00000 0.00000 ( 1)  0.503  0.000
  64 K   1.00000 0.00000 ( 1)  0.503  0.000
  65 K   1.00000 0.00000 ( 1)  0.503  0.000
  66 W   1.00000 0.00000 ( 1)  0.503  0.000
  67 N   0.99998 0.00002 ( 1)  0.505  0.000
  68 K   0.12753 0.87247 ( 2) 113.533  0.872
  69 -   1.00000 0.00000 ( 1)  0.503  0.000
  70 K   1.00000 0.00000 ( 1)  0.503  0.000
  71 N   0.99974 0.00026 ( 1)  0.536  0.000
  72 C   1.00000 0.00000 ( 1)  0.503  0.000
  73 R   1.00000 0.00000 ( 1)  0.503  0.000
  74 N   1.00000 0.00000 ( 1)  0.503  0.000
  75 I   1.00000 0.00000 ( 1)  0.503  0.000
  76 T   1.00000 0.00000 ( 1)  0.503  0.000
  77 G   0.99997 0.00003 ( 1)  0.507  0.000
  78 K   1.00000 0.00000 ( 1)  0.503  0.000
  79 E   1.00000 0.00000 ( 1)  0.503  0.000
  80 C   1.00000 0.00000 ( 1)  0.503  0.000
  81 D   1.00000 0.00000 ( 1)  0.503  0.000
  82 L   1.00000 0.00000 ( 1)  0.503  0.000
  83 T   1.00000 0.00000 ( 1)  0.503  0.000
  84 C   1.00000 0.00000 ( 1)  0.503  0.000
  85 L   0.99991 0.00009 ( 1)  0.514  0.000
  86 F   1.00000 0.00000 ( 1)  0.503  0.000
  87 Y   1.00000 0.00000 ( 1)  0.503  0.000
  88 T   0.99999 0.00001 ( 1)  0.504  0.000
  89 H   0.99896 0.00104 ( 1)  0.638  0.001
  90 N   0.99993 0.00007 ( 1)  0.512  0.000
  91 Y   1.00000 0.00000 ( 1)  0.503  0.000
  92 I   0.99084 0.00916 ( 1)  1.689  0.009
  93 V   1.00000 0.00000 ( 1)  0.503  0.000
  94 G   1.00000 0.00000 ( 1)  0.503  0.000
  95 V   1.00000 0.00000 ( 1)  0.503  0.000
  96 R   1.00000 0.00000 ( 1)  0.503  0.000
  97 T   0.99996 0.00004 ( 1)  0.508  0.000
  98 K   0.99998 0.00002 ( 1)  0.505  0.000
  99 F   1.00000 0.00000 ( 1)  0.503  0.000
 100 G   1.00000 0.00000 ( 1)  0.503  0.000
 101 S   1.00000 0.00000 ( 1)  0.503  0.000
 102 S   0.99956 0.00044 ( 1)  0.559  0.000
 103 M   1.00000 0.00000 ( 1)  0.503  0.000
 104 S   1.00000 0.00000 ( 1)  0.503  0.000
 105 K   0.99902 0.00098 ( 1)  0.630  0.001
 106 W   1.00000 0.00000 ( 1)  0.503  0.000
 107 E   1.00000 0.00000 ( 1)  0.503  0.000
 108 E   1.00000 0.00000 ( 1)  0.503  0.000
 109 I   1.00000 0.00000 ( 1)  0.503  0.000
 110 K   0.99998 0.00002 ( 1)  0.506  0.000
 111 D   1.00000 0.00000 ( 1)  0.503  0.000
 112 I   1.00000 0.00000 ( 1)  0.503  0.000
 113 S   1.00000 0.00000 ( 1)  0.503  0.000
 114 Y   1.00000 0.00000 ( 1)  0.503  0.000
 115 I   0.99999 0.00001 ( 1)  0.504  0.000
 116 F   1.00000 0.00000 ( 1)  0.503  0.000
 117 T   1.00000 0.00000 ( 1)  0.503  0.000
 118 V   1.00000 0.00000 ( 1)  0.503  0.000
 119 D   1.00000 0.00000 ( 1)  0.503  0.000
 120 P   1.00000 0.00000 ( 1)  0.503  0.000
 121 E   1.00000 0.00000 ( 1)  0.503  0.000
 122 A   1.00000 0.00000 ( 1)  0.503  0.000
 123 P   1.00000 0.00000 ( 1)  0.503  0.000
 124 T   0.99999 0.00001 ( 1)  0.504  0.000
 125 L   1.00000 0.00000 ( 1)  0.503  0.000
 126 E   1.00000 0.00000 ( 1)  0.503  0.000
 127 V   1.00000 0.00000 ( 1)  0.503  0.000
 128 K   1.00000 0.00000 ( 1)  0.503  0.000
 129 F   1.00000 0.00000 ( 1)  0.503  0.000
 130 V   1.00000 0.00000 ( 1)  0.503  0.000
 131 D   1.00000 0.00000 ( 1)  0.503  0.000
 132 K   1.00000 0.00000 ( 1)  0.503  0.000
 133 S   0.99982 0.00018 ( 1)  0.525  0.000
 134 M   0.99999 0.00001 ( 1)  0.503  0.000
 135 Y   0.99999 0.00001 ( 1)  0.503  0.000
 136 I   1.00000 0.00000 ( 1)  0.503  0.000
 137 N   0.99999 0.00001 ( 1)  0.504  0.000
 138 A   0.99582 0.00418 ( 1)  1.044  0.004
 139 A   0.99998 0.00002 ( 1)  0.505  0.000
 140 V   0.99629 0.00371 ( 1)  0.984  0.004
 141 K   0.99998 0.00002 ( 1)  0.505  0.000
 142 T   0.99561 0.00439 ( 1)  1.072  0.004
 143 P   1.00000 0.00000 ( 1)  0.503  0.000
 144 H   0.02022 0.97978 ( 2) 127.435  0.980
 145 C   1.00000 0.00000 ( 1)  0.503  0.000
 146 I   1.00000 0.00000 ( 1)  0.503  0.000
 147 K   0.99999 0.00001 ( 1)  0.504  0.000
 148 D   0.99758 0.00242 ( 1)  0.816  0.002
 149 I   0.99940 0.00060 ( 1)  0.581  0.001
 150 Y   1.00000 0.00000 ( 1)  0.503  0.000
 151 -   1.00000 0.00000 ( 1)  0.503  0.000
 152 -   0.77934 0.22066 ( 1) 29.089  0.221
 153 -   1.00000 0.00000 ( 1)  0.503  0.000
 154 N   0.99981 0.00019 ( 1)  0.528  0.000
 155 L   1.00000 0.00000 ( 1)  0.503  0.000
 156 K   0.99991 0.00009 ( 1)  0.514  0.000
 157 Y   1.00000 0.00000 ( 1)  0.503  0.000
 158 N   0.99714 0.00286 ( 1)  0.873  0.003
 159 I   1.00000 0.00000 ( 1)  0.503  0.000
 160 E   0.99996 0.00004 ( 1)  0.508  0.000
 161 N   0.99984 0.00016 ( 1)  0.523  0.000
 162 A   0.99999 0.00001 ( 1)  0.503  0.000
 163 P   0.99988 0.00012 ( 1)  0.518  0.000
 164 K   0.99999 0.00001 ( 1)  0.504  0.000
 165 Q   1.00000 0.00000 ( 1)  0.503  0.000
 166 I   1.00000 0.00000 ( 1)  0.503  0.000
 167 K   1.00000 0.00000 ( 1)  0.503  0.000
 168 F   1.00000 0.00000 ( 1)  0.503  0.000
 169 K   1.00000 0.00000 ( 1)  0.503  0.000
 170 E   1.00000 0.00000 ( 1)  0.503  0.000
 171 V   1.00000 0.00000 ( 1)  0.503  0.000
 172 K   0.71652 0.28348 ( 1) 37.228  0.283
 173 M   1.00000 0.00000 ( 1)  0.503  0.000
 174 N   0.99999 0.00001 ( 1)  0.504  0.000
 175 S   0.99999 0.00001 ( 1)  0.504  0.000
 176 A   1.00000 0.00000 ( 1)  0.503  0.000
 177 V   0.99992 0.00008 ( 1)  0.513  0.000
 178 I   1.00000 0.00000 ( 1)  0.503  0.000
 179 L   0.99960 0.00040 ( 1)  0.554  0.000
 180 D   1.00000 0.00000 ( 1)  0.503  0.000
 181 T   1.00000 0.00000 ( 1)  0.503  0.000
 182 T   1.00000 0.00000 ( 1)  0.503  0.000
 183 G   1.00000 0.00000 ( 1)  0.503  0.000
 184 L   1.00000 0.00000 ( 1)  0.503  0.000
 185 S   1.00000 0.00000 ( 1)  0.503  0.000
 186 G   1.00000 0.00000 ( 1)  0.503  0.000
 187 N   1.00000 0.00000 ( 1)  0.503  0.000
 188 Y   1.00000 0.00000 ( 1)  0.503  0.000
 189 C   1.00000 0.00000 ( 1)  0.503  0.000
 190 V   1.00000 0.00000 ( 1)  0.503  0.000
 191 E   1.00000 0.00000 ( 1)  0.503  0.000
 192 A   1.00000 0.00000 ( 1)  0.503  0.000
 193 L   1.00000 0.00000 ( 1)  0.503  0.000
 194 T   1.00000 0.00000 ( 1)  0.503  0.000
 195 V   0.99999 0.00001 ( 1)  0.504  0.000
 196 F   1.00000 0.00000 ( 1)  0.503  0.000
 197 T   1.00000 0.00000 ( 1)  0.503  0.000
 198 M   0.99999 0.00001 ( 1)  0.504  0.000
 199 E   0.99934 0.00066 ( 1)  0.588  0.001
 200 Q   0.99999 0.00001 ( 1)  0.504  0.000
 201 K   0.99981 0.00019 ( 1)  0.528  0.000
 202 K   1.00000 0.00000 ( 1)  0.503  0.000
 203 I   0.69624 0.30376 ( 1) 39.855  0.304
 204 S   1.00000 0.00000 ( 1)  0.503  0.000
 205 Q   0.99999 0.00001 ( 1)  0.503  0.000
 206 P   1.00000 0.00000 ( 1)  0.503  0.000
 207 S   1.00000 0.00000 ( 1)  0.503  0.000
 208 K   0.78720 0.21280 ( 1) 28.071  0.213
 209 P   1.00000 0.00000 ( 1)  0.503  0.000
 210 F   0.99999 0.00001 ( 1)  0.505  0.000
 211 C   1.00000 0.00000 ( 1)  0.503  0.000
 212 H   1.00000 0.00000 ( 1)  0.503  0.000
 213 L   1.00000 0.00000 ( 1)  0.503  0.000
 214 F   0.99856 0.00144 ( 1)  0.689  0.001
 215 -   0.99984 0.00016 ( 1)  0.523  0.000
 216 -   1.00000 0.00000 ( 1)  0.503  0.000
 217 K   1.00000 0.00000 ( 1)  0.503  0.000
 218 D   1.00000 0.00000 ( 1)  0.503  0.000
 219 E   1.00000 0.00000 ( 1)  0.503  0.000
 220 E   0.99242 0.00758 ( 1)  1.484  0.008
 221 Y   0.99991 0.00009 ( 1)  0.515  0.000
 222 N   1.00000 0.00000 ( 1)  0.503  0.000
 223 S   0.99984 0.00016 ( 1)  0.523  0.000
 224 G   1.00000 0.00000 ( 1)  0.503  0.000
 225 H   0.99995 0.00005 ( 1)  0.510  0.000
 226 N   0.99998 0.00002 ( 1)  0.505  0.000
 227 W   0.87663 0.12337 ( 1) 16.485  0.123
 228 S   1.00000 0.00000 ( 1)  0.503  0.000
 229 F   0.99875 0.00125 ( 1)  0.664  0.001
 230 A   0.98925 0.01075 ( 1)  1.895  0.011
 231 V   0.99981 0.00019 ( 1)  0.527  0.000
 232 L   0.89948 0.10052 ( 1) 13.526  0.101
 233 I   0.99762 0.00238 ( 1)  0.812  0.002
 234 L   0.99923 0.00077 ( 1)  0.602  0.001
 235 F   0.96237 0.03763 ( 1)  5.378  0.038
 236 P   0.99894 0.00106 ( 1)  0.640  0.001
 237 I   0.99981 0.00019 ( 1)  0.527  0.000
 238 L   0.99995 0.00005 ( 1)  0.509  0.000
 239 L   0.41566 0.58434 ( 2) 76.205  0.584
 240 I   0.98807 0.01193 ( 1)  2.048  0.012
 241 S   0.99543 0.00457 ( 1)  1.095  0.005
 242 G   0.89176 0.10824 ( 1) 14.525  0.108
 243 I   0.94124 0.05876 ( 1)  8.116  0.059
 244 L   0.99994 0.00006 ( 1)  0.511  0.000
 245 L   0.99988 0.00012 ( 1)  0.519  0.000
 246 Y   1.00000 0.00000 ( 1)  0.503  0.000
 247 T   0.96314 0.03686 ( 1)  5.278  0.037
 248 S   0.95463 0.04537 ( 1)  6.380  0.045
 249 -   0.99995 0.00005 ( 1)  0.510  0.000
 250 -   0.99991 0.00009 ( 1)  0.515  0.000
 251 -   0.99902 0.00098 ( 1)  0.630  0.001
 252 -   1.00000 0.00000 ( 1)  0.503  0.000
 253 -   0.99999 0.00001 ( 1)  0.504  0.000
 254 -   1.00000 0.00000 ( 1)  0.503  0.000
 255 -   0.95404 0.04596 ( 1)  6.457  0.046
 256 -   1.00000 0.00000 ( 1)  0.503  0.000
 257 -   0.99901 0.00099 ( 1)  0.631  0.001
 258 S   0.99798 0.00202 ( 1)  0.765  0.002
 259 P   1.00000 0.00000 ( 1)  0.503  0.000
 260 D   1.00000 0.00000 ( 1)  0.503  0.000
 261 I   0.99989 0.00011 ( 1)  0.516  0.000
 262 L   1.00000 0.00000 ( 1)  0.503  0.000
 263 A   0.99346 0.00654 ( 1)  1.350  0.007
 264 K   0.99953 0.00047 ( 1)  0.564  0.000
 265 Q   0.99999 0.00001 ( 1)  0.504  0.000
 266 R   0.99987 0.00013 ( 1)  0.520  0.000
 267 G   0.99878 0.00122 ( 1)  0.661  0.001
 268 Q   0.99999 0.00001 ( 1)  0.503  0.000
 269 L   0.99996 0.00004 ( 1)  0.507  0.000
 270 L   0.99985 0.00015 ( 1)  0.522  0.000
 271 W   0.92662 0.07338 ( 1) 10.009  0.073
 272 I   0.99999 0.00001 ( 1)  0.503  0.000
 273 F   0.99345 0.00655 ( 1)  1.351  0.007
 274 P   1.00000 0.00000 ( 1)  0.503  0.000
 275 D   0.99199 0.00801 ( 1)  1.540  0.008
 276 -   0.99684 0.00316 ( 1)  0.912  0.003
 277 -   0.99989 0.00011 ( 1)  0.516  0.000
 278 -   0.98931 0.01069 ( 1)  1.888  0.011
 279 -   0.99999 0.00001 ( 1)  0.504  0.000
 280 -   0.99569 0.00431 ( 1)  1.061  0.004
 281 -   0.99992 0.00008 ( 1)  0.513  0.000
 282 -   0.99973 0.00027 ( 1)  0.538  0.000
 283 -   0.99985 0.00015 ( 1)  0.523  0.000
 284 -   1.00000 0.00000 ( 1)  0.503  0.000
 285 -   0.94621 0.05379 ( 1)  7.471  0.054
 286 -   0.99996 0.00004 ( 1)  0.508  0.000
 287 -   0.92201 0.07799 ( 1) 10.607  0.078
 288 -   0.98205 0.01795 ( 1)  2.828  0.018
 289 -   0.99766 0.00234 ( 1)  0.806  0.002
 290 -   0.95142 0.04858 ( 1)  6.796  0.049
 291 -   0.99998 0.00002 ( 1)  0.505  0.000
 292 -   1.00000 0.00000 ( 1)  0.503  0.000
 293 -   0.99989 0.00011 ( 1)  0.517  0.000
 294 -   0.99921 0.00079 ( 1)  0.606  0.001
 295 -   0.99992 0.00008 ( 1)  0.513  0.000
 296 -   1.00000 0.00000 ( 1)  0.503  0.000
 297 -   1.00000 0.00000 ( 1)  0.503  0.000
 298 -   0.99957 0.00043 ( 1)  0.558  0.000
 299 -   0.99877 0.00123 ( 1)  0.662  0.001
 300 -   0.99809 0.00191 ( 1)  0.751  0.002
 301 -   1.00000 0.00000 ( 1)  0.503  0.000
 302 -   0.99996 0.00004 ( 1)  0.508  0.000
 303 -   0.99542 0.00458 ( 1)  1.096  0.005
 304 -   0.99805 0.00195 ( 1)  0.756  0.002
 305 -   0.99946 0.00054 ( 1)  0.573  0.001
 306 -   1.00000 0.00000 ( 1)  0.503  0.000
 307 -   1.00000 0.00000 ( 1)  0.503  0.000
 308 -   0.99999 0.00001 ( 1)  0.504  0.000
 309 -   0.99888 0.00112 ( 1)  0.648  0.001
 310 -   0.99995 0.00005 ( 1)  0.509  0.000
 311 -   1.00000 0.00000 ( 1)  0.503  0.000
 312 -   0.99996 0.00004 ( 1)  0.507  0.000
 313 -   0.99987 0.00013 ( 1)  0.520  0.000
 314 -   0.99798 0.00202 ( 1)  0.765  0.002
 315 -   1.00000 0.00000 ( 1)  0.503  0.000
 316 -   1.00000 0.00000 ( 1)  0.503  0.000
 317 -   1.00000 0.00000 ( 1)  0.503  0.000
 318 -   1.00000 0.00000 ( 1)  0.503  0.000
 319 -   1.00000 0.00000 ( 1)  0.503  0.000
 320 -   1.00000 0.00000 ( 1)  0.503  0.000
 321 -   1.00000 0.00000 ( 1)  0.503  0.000
 322 -   1.00000 0.00000 ( 1)  0.503  0.000
 323 -   0.99998 0.00002 ( 1)  0.506  0.000
 324 -   1.00000 0.00000 ( 1)  0.503  0.000
 325 -   0.99999 0.00001 ( 1)  0.503  0.000
 326 -   0.99591 0.00409 ( 1)  1.033  0.004
 327 -   0.99994 0.00006 ( 1)  0.510  0.000
 328 -   0.99512 0.00488 ( 1)  1.135  0.005
 329 -   0.99944 0.00056 ( 1)  0.576  0.001
 330 -   0.99971 0.00029 ( 1)  0.541  0.000
 331 -   1.00000 0.00000 ( 1)  0.503  0.000
 332 -   0.99998 0.00002 ( 1)  0.505  0.000
 333 -   0.99933 0.00067 ( 1)  0.589  0.001
 334 -   0.99981 0.00019 ( 1)  0.528  0.000
 335 -   0.99989 0.00011 ( 1)  0.517  0.000
 336 -   1.00000 0.00000 ( 1)  0.503  0.000
 337 -   1.00000 0.00000 ( 1)  0.503  0.000
 338 -   0.99996 0.00004 ( 1)  0.508  0.000
 339 -   1.00000 0.00000 ( 1)  0.503  0.000
 340 -   1.00000 0.00000 ( 1)  0.503  0.000
 341 -   1.00000 0.00000 ( 1)  0.503  0.000
 342 -   0.99999 0.00001 ( 1)  0.504  0.000
 343 -   1.00000 0.00000 ( 1)  0.503  0.000
 344 -   1.00000 0.00000 ( 1)  0.503  0.000
 345 -   1.00000 0.00000 ( 1)  0.503  0.000
 346 -   1.00000 0.00000 ( 1)  0.503  0.000
 347 -   1.00000 0.00000 ( 1)  0.503  0.000
 348 -   0.99482 0.00518 ( 1)  1.174  0.005
 349 -   0.97184 0.02816 ( 1)  4.151  0.028
 350 -   0.99085 0.00915 ( 1)  1.688  0.009
 351 -   0.99999 0.00001 ( 1)  0.503  0.000
 352 -   0.99969 0.00031 ( 1)  0.543  0.000
 353 -   0.99408 0.00592 ( 1)  1.270  0.006
 354 -   0.99983 0.00017 ( 1)  0.524  0.000
 355 -   0.99949 0.00051 ( 1)  0.568  0.001
 356 -   0.99999 0.00001 ( 1)  0.504  0.000
 357 -   0.98305 0.01695 ( 1)  2.699  0.017
 358 -   0.99999 0.00001 ( 1)  0.504  0.000
 359 -   1.00000 0.00000 ( 1)  0.503  0.000
 360 -   0.99999 0.00001 ( 1)  0.504  0.000
 361 -   0.99999 0.00001 ( 1)  0.503  0.000
 362 -   0.99993 0.00007 ( 1)  0.512  0.000
 363 -   0.99998 0.00002 ( 1)  0.505  0.000
 364 -   0.99999 0.00001 ( 1)  0.504  0.000
 365 -   1.00000 0.00000 ( 1)  0.503  0.000
 366 -   1.00000 0.00000 ( 1)  0.503  0.000
 367 -   0.99985 0.00015 ( 1)  0.522  0.000
 368 -   0.99966 0.00034 ( 1)  0.547  0.000
 369 -   0.99984 0.00016 ( 1)  0.524  0.000
 370 -   0.99995 0.00005 ( 1)  0.509  0.000
 371 -   0.99989 0.00011 ( 1)  0.517  0.000
 372 -   0.99894 0.00106 ( 1)  0.640  0.001
 373 -   0.98598 0.01402 ( 1)  2.319  0.014
 374 -   0.99998 0.00002 ( 1)  0.505  0.000
 375 -   0.99973 0.00027 ( 1)  0.538  0.000
 376 -   0.99998 0.00002 ( 1)  0.505  0.000
 377 -   0.99998 0.00002 ( 1)  0.505  0.000
 378 -   0.99988 0.00012 ( 1)  0.518  0.000
 379 -   0.99999 0.00001 ( 1)  0.504  0.000
 380 -   0.99991 0.00009 ( 1)  0.515  0.000
 381 -   1.00000 0.00000 ( 1)  0.503  0.000
 382 S   0.99999 0.00001 ( 1)  0.503  0.000
 383 A   0.99999 0.00001 ( 1)  0.503  0.000
 384 G   1.00000 0.00000 ( 1)  0.503  0.000
 385 N   1.00000 0.00000 ( 1)  0.503  0.000
 386 C   0.99999 0.00001 ( 1)  0.504  0.000
 387 V   0.99957 0.00043 ( 1)  0.558  0.000
 388 P   0.99800 0.00200 ( 1)  0.761  0.002
 389 Q   1.00000 0.00000 ( 1)  0.503  0.000
 390 S   0.99645 0.00355 ( 1)  0.963  0.004
 391 F   0.99998 0.00002 ( 1)  0.505  0.000

Positively selected sites

	Prob(w>1)  mean w

    68 K      0.872         113.533
   144 H      0.980*        127.435
   239 L      0.584         76.205


lnL = -5874.172047

