

TREE # 1

  0  0.0000  15186.264136  x:  0.97091   0.39650   0.07572   0.22596   0.00000   0.32371   0.18917   0.12453   0.05779   0.13303   0.13843   3.00000   0.93994   0.00000   0.00000  
  1 99.0000   7182.783855  x:  0.96950   0.39823   0.08081   0.29499   0.33465   0.33147   0.18020   0.12460   0.06205   0.13324   0.13948   3.70502   0.93994  99.90000  55.12635  
  2 577362334.9150   6982.970692  x:  1.17945   0.57681   0.37759   0.43250   0.29614   0.76867   0.54542   0.47293   0.27691   0.25402   0.27762   3.64778   0.89394  99.90107  55.12516  
  3 758.3670   6900.947463  x:  1.51306   0.71321   0.44210   0.53962   0.16234   0.99860   0.59619   0.35376   0.07783   0.22482   0.09617   3.54701   0.80524  99.90478  55.12040  
  4 260.2599   6867.940713  x:  1.78942   0.77047   0.40961   0.59518   0.03186   1.09717   0.54564   0.22508   0.05040   0.20788   0.23283   3.44584   0.71199  99.90889  55.11495  
  5 285.0043   6834.267968  x:  2.34711   0.80430   0.23989   0.67870   0.08666   1.17164   0.35627   0.18322   0.26509   0.17562   0.20244   3.19897   0.47817  99.91877  55.09974  
  6 228.9954   6812.708047  x:  2.69824   0.75477   0.09283   0.67560   0.10638   1.11154   0.30396   0.34578   0.18943   0.25728   0.23139   2.98252   0.26632  99.92893  55.08401  
  7 198.4020   6788.595242  x:  3.12335   0.63803   0.20458   0.56710   0.26730   0.85438   0.45789   0.34986   0.12820   0.22480   0.29315   2.56550  -0.14263  99.95095  55.04867  
  8 144.6390   6777.930392  x:  3.17212   0.52954   0.26613   0.46928   0.11453   0.79603   0.47654   0.35992   0.19770   0.25293   0.22799   2.30458  -0.40131  99.97101  55.01670  
  9 78.7876   6765.354343  x:  3.02440   0.46859   0.36030   0.49547   0.10826   0.89200   0.33322   0.38643   0.16684   0.22251   0.23279   1.81914  -0.87884  100.01510  54.94298  
 10 72.4727   6761.374814  x:  2.94297   0.47087   0.28516   0.52736   0.12435   0.93495   0.38644   0.33732   0.17265   0.26128   0.22840   1.64282  -1.06423  100.03724  54.90498  
 11 75.4104   6759.920802  x:  2.90823   0.53810   0.24093   0.53089   0.10648   0.92134   0.41423   0.34815   0.17912   0.21882   0.22651   1.58972  -1.14714  100.05229  54.87849  
 12 37.4057   6759.423878  x:  2.89782   0.58801   0.24040   0.52295   0.10536   0.90726   0.40945   0.34398   0.18264   0.24043   0.22418   1.58610  -1.18812  100.06371  54.85786  
 13 21.9921   6757.945683  x:  2.89677   0.60099   0.22185   0.46281   0.11833   0.95299   0.41167   0.33567   0.17461   0.23208   0.22506   1.73451  -1.38950  100.15716  54.68660  
 14  9.6595   6756.328816  x:  2.89819   0.58704   0.22896   0.54737   0.09959   0.93381   0.41767   0.33291   0.17619   0.23243   0.21737   1.90490  -1.60297  100.28158  54.45896  
 15 37.6354   6720.324109  x:  3.24324   0.62629   0.25056   0.56666   0.01735   1.07830   0.40338   0.27704   0.06273   0.22594   0.12295   1.85076  -1.38525  103.71839  48.23193  
 16  9.9078   6706.868920  x:  3.50281   0.65270   0.25098   0.58419   0.07966   1.10623   0.40071   0.25201   0.01608   0.21073   0.12488   1.85919  -1.19220  105.91073  44.25848  
 17 15.9667   6631.130824  x:  4.65563   0.80360   0.26340   0.63871   0.20046   1.18904   0.41198   0.10766   0.09594   0.15470   0.08860   1.87761  -0.23692  117.06550  24.04276  
 18 36.4853   6556.353884  x:  5.49788   0.88796   0.28974   0.67701   0.27031   1.20737   0.40344   0.08778   0.12032   0.11527   0.09733   2.02438  -0.49751  125.57033   8.62797  
 19 92.0225   6488.972313  x:  5.83320   0.90477   0.30471   0.68388   0.32169   1.17264   0.39343   0.09002   0.15567   0.11755   0.10808   2.19714  -1.46416  128.32776   3.62843  
 20 20.8047   6084.318238  x:  6.17349   0.90066   0.32900   0.67957   0.42834   1.01662   0.37424   0.15815   0.24701   0.10517   0.18435   2.59509  -4.17266  129.95873   0.66706  
 21 23.8603   6045.855237  x:  6.22517   0.89693   0.33342   0.67719   0.44886   0.98110   0.36937   0.18122   0.26487   0.10779   0.20533   2.66169  -4.66727  130.09112   0.42617  
 22 107.7668   5965.982552  x:  6.38369   0.87460   0.36322   0.66542   0.47738   0.90618   0.35615   0.25937   0.28682   0.09589   0.24035   2.84110  -5.28846  130.00457   0.58057  
 23  6.4585   5909.865615  x:  5.48365   1.00282   0.17228   0.67540   0.36464   1.32849   0.49767   0.27466   0.24469   0.58851   0.21238   2.21756  -5.40268  130.04268   0.52011  
 24  0.7064   5888.319097  x:  4.68504   1.20730   0.08957   0.77542   0.23539   1.47382   0.59232   0.40959   0.18454   0.54659   0.21796   1.74168  -5.16676  130.07423   0.46967  
 25  0.4923   5877.865289  x:  4.36896   1.30556   0.13009   0.89667   0.13138   1.51315   0.65177   0.50405   0.13503   0.43073   0.26734   2.18381  -5.12183  130.05365   0.50177  
 26  0.3359   5875.352897  x:  4.27715   1.31866   0.16537   0.92619   0.07340   1.53586   0.65804   0.52507   0.10928   0.38181   0.29734   1.99416  -5.15238  130.04338   0.52312  
 27  0.1523   5874.701362  x:  4.43926   1.27119   0.19845   0.91956   0.05382   1.51910   0.65134   0.49571   0.09960   0.37636   0.30636   1.95054  -5.15477  130.05140   0.50929  
 28  0.0716   5874.620382  x:  4.47827   1.26422   0.20124   0.92193   0.05150   1.51819   0.65453   0.48761   0.09832   0.37672   0.30859   1.99277  -5.17259  130.05240   0.50694  
 29  0.0479   5874.602802  x:  4.46086   1.27299   0.19646   0.92781   0.04500   1.52718   0.66138   0.48653   0.09495   0.37703   0.30951   1.98945  -5.17097  130.05232   0.50717  
 30  0.0147   5874.596202  x:  4.46754   1.27754   0.19220   0.92785   0.04792   1.52914   0.66350   0.48360   0.09578   0.38057   0.30766   1.98684  -5.16915  130.05210   0.50758  
 31  0.0073   5874.590124  x:  4.48693   1.28651   0.19225   0.93082   0.04876   1.53023   0.66616   0.48392   0.09501   0.37790   0.30713   1.99100  -5.15984  130.05175   0.50815  
 32  0.0063   5874.583432  x:  4.51345   1.29687   0.19288   0.93479   0.04997   1.53730   0.66794   0.48737   0.09436   0.37770   0.30826   1.98532  -5.15694  130.05259   0.50669  
 33  0.0073   5874.565728  x:  4.58391   1.32028   0.19120   0.94653   0.05263   1.56458   0.67444   0.49804   0.09255   0.38659   0.31123   1.98925  -5.12683  130.05489   0.50244  
 34  0.0162   5874.528137  x:  4.77064   1.35976   0.19588   0.97680   0.05591   1.62305   0.69174   0.52004   0.08885   0.40352   0.32456   1.99508  -5.04716  130.05165   0.50818  
 35  0.0431   5874.448417  x:  5.06156   1.43654   0.20374   1.03923   0.06722   1.71370   0.74199   0.54726   0.09288   0.42256   0.35259   1.98872  -4.93698  130.05353   0.50469  
 36  0.0432   5874.426757  x:  5.23916   1.48701   0.21011   1.07739   0.07169   1.77449   0.77138   0.56718   0.09457   0.43683   0.36790   1.99141  -4.86014  130.05355   0.50455  
 37  0.2738   5874.364665  x:  5.51766   1.57299   0.23437   1.15138   0.07274   1.88446   0.83554   0.59854   0.10732   0.46209   0.39760   2.00164  -4.74392  130.05211   0.50693  
 38  0.1496   5874.300172  x:  5.58047   1.59417   0.25058   1.15840   0.06527   1.91089   0.83918   0.60380   0.11268   0.47201   0.39311   1.99251  -4.74281  130.05347   0.50462  
 39  0.0307   5874.242070  x:  5.88820   1.68187   0.27261   1.21546   0.06560   2.01698   0.87989   0.63569   0.11932   0.50046   0.40870   1.98861  -4.63950  130.05453   0.50265  
 40  0.6499   5874.219184  x:  6.09028   1.73864   0.28557   1.25247   0.06507   2.08415   0.90386   0.65550   0.12728   0.51760   0.41336   2.00547  -4.58142  130.05270   0.50571  
 41  0.1148   5874.208566  x:  6.09461   1.73894   0.28067   1.25417   0.06554   2.08362   0.90273   0.65498   0.12911   0.51560   0.41134   2.00523  -4.59041  130.05284   0.50546  
 42  0.0088   5874.185579  x:  6.38356   1.81945   0.28437   1.31834   0.06872   2.18134   0.94572   0.68320   0.13980   0.53460   0.42833   1.99804  -4.51493  130.05435   0.50272  
 43  0.2029   5874.179291  x:  6.47366   1.84206   0.27700   1.33800   0.06926   2.20875   0.95540   0.69175   0.14102   0.53847   0.43329   2.00219  -4.49934  130.05395   0.50336  
 44  0.0504   5874.177576  x:  6.54540   1.86278   0.27800   1.35174   0.06901   2.23237   0.96400   0.69908   0.14184   0.54426   0.43740   2.00318  -4.48125  130.05401   0.50322  
 45  0.0676   5874.175478  x:  6.56162   1.87071   0.27706   1.35210   0.06800   2.23643   0.96380   0.70134   0.13902   0.54718   0.43963   2.00254  -4.47989  130.05422   0.50285  
 46  0.0097   5874.173318  x:  6.62727   1.89612   0.27786   1.36611   0.07071   2.25644   0.97612   0.70839   0.14062   0.55309   0.44705   2.00193  -4.46188  130.05420   0.50286  
 47  0.0209   5874.172756  x:  6.65862   1.90539   0.28051   1.37107   0.07124   2.26594   0.97966   0.71120   0.14202   0.55607   0.44792   2.00374  -4.45577  130.05418   0.50287  
 48  0.0150   5874.172555  x:  6.70000   1.91675   0.28219   1.37947   0.07142   2.28006   0.98534   0.71531   0.14311   0.55939   0.45034   2.00316  -4.44592  130.05426   0.50272  
 49  0.0298   5874.172289  x:  6.72277   1.92123   0.28483   1.38496   0.07143   2.28967   0.98948   0.71783   0.14344   0.56135   0.45234   2.00194  -4.44077  130.05430   0.50265  
 50  0.0083   5874.172114  x:  6.73140   1.92280   0.28677   1.38700   0.07177   2.29379   0.99139   0.71915   0.14316   0.56223   0.45317   2.00379  -4.43789  130.05423   0.50274  
 51  0.0049   5874.172055  x:  6.72204   1.91979   0.28677   1.38501   0.07215   2.29084   0.99009   0.71846   0.14270   0.56138   0.45234   2.00307  -4.44002  130.05426   0.50270  
 52  0.0051   5874.172050  x:  6.72848   1.92156   0.28677   1.38621   0.07230   2.29271   0.99089   0.71911   0.14283   0.56184   0.45264   2.00314  -4.43863  130.05426   0.50270  
 53  0.0048   5874.172049  x:  6.72826   1.92140   0.28670   1.38612   0.07231   2.29242   0.99089   0.71910   0.14280   0.56183   0.45261   2.00320  -4.43881  130.05426   0.50270  
 54  0.0002   5874.172047  x:  6.72845   1.92136   0.28679   1.38615   0.07226   2.29237   0.99103   0.71915   0.14280   0.56188   0.45261   2.00315  -4.43874  130.05426   0.50269  
 55  0.0001   5874.172047  x:  6.72817   1.92129   0.28678   1.38610   0.07225   2.29227   0.99099   0.71913   0.14280   0.56186   0.45258   2.00315  -4.43880  130.05426   0.50270  
 56  0.0002   5874.172047  x:  6.72823   1.92132   0.28678   1.38611   0.07225   2.29230   0.99101   0.71914   0.14280   0.56186   0.45258   2.00315  -4.43878  130.05426   0.50270  
 57  0.0000   5874.172047  x:  6.72828   1.92133   0.28678   1.38612   0.07225   2.29232   0.99102   0.71914   0.14280   0.56186   0.45259   2.00316  -4.43877  130.05426   0.50270  
 58  0.0000   5874.172047  x:  6.72824   1.92132   0.28678   1.38611   0.07225   2.29231   0.99101   0.71914   0.14280   0.56186   0.45259   2.00315  -4.43878  130.05426   0.50270  
 59  0.0000   5874.172047  x:  6.72823   1.92132   0.28678   1.38611   0.07225   2.29231   0.99101   0.71914   0.14280   0.56186   0.45258   2.00315  -4.43878  130.05426   0.50270  