

TREE # 1

  0  0.0000   6152.675728  x:  1.09088   0.42439   0.05495   0.26649   0.00000   0.40851   0.19200   0.16013   0.06476   0.09875   0.12277   3.00000   0.20385   1.00000   3.31396  
  1 99.0000   6040.774100  x:  1.17974   0.54184   0.26460   0.37686   0.46324   0.59098   0.37181   0.26933   0.11293   0.24090   0.19130   2.97710   0.25234   0.92992   3.29213  
  2 868.4772   5968.136483  x:  1.46198   0.64797   0.32253   0.45418   0.34741   0.84233   0.45760   0.26660   0.00000   0.22143   0.14778   2.91890   0.38106   0.69783   3.23013  
  3 218.5432   5913.136500  x:  1.81172   0.76008   0.36663   0.53613   0.16358   1.11456   0.53573   0.32001   0.11494   0.20756   0.19788   2.84437   0.55280   0.39912   3.14458  
  4 960.9357   5891.653857  x:  2.10110   0.81925   0.37166   0.58524   0.07928   1.20198   0.51848   0.32811   0.14538   0.30133   0.22838   2.77563   0.72824   0.56460   2.99565  
  5 138.3355   5869.289321  x:  2.51923   0.77121   0.24326   0.62579   0.22237   0.96601   0.31913   0.30336   0.14174   0.37049   0.15679   2.61092   1.06941   0.47486   2.71297  
  6 85.4546   5862.863800  x:  2.64704   0.72889   0.18340   0.58504   0.27820   0.86954   0.37294   0.30494   0.09895   0.27370   0.24564   2.52370   1.19232   0.46592   2.56255  
  7 79.4973   5860.687871  x:  2.66661   0.71587   0.18403   0.53093   0.29077   0.84604   0.42669   0.30421   0.12124   0.23890   0.19306   2.46875   1.23011   0.46732   2.46478  
  8 43.7469   5858.254859  x:  2.64142   0.70194   0.21643   0.43385   0.28086   0.83088   0.45611   0.27266   0.11539   0.28680   0.19894   2.37073   1.25504   0.42983   2.28488  
  9 40.8364   5854.589942  x:  2.55915   0.69280   0.29492   0.38762   0.26613   0.84682   0.39625   0.33339   0.09164   0.26419   0.20234   2.18832   1.25203   0.38935   1.92841  
 10 53.6794   5851.696937  x:  2.48962   0.65382   0.30847   0.44301   0.26820   0.88393   0.37674   0.27828   0.10323   0.24186   0.20438   2.04416   1.21304   0.36012   1.62004  
 11 74.2642   5850.835583  x:  2.48073   0.62682   0.27438   0.46699   0.26264   0.89090   0.39539   0.30436   0.09559   0.26625   0.19845   2.00954   1.17028   0.34561   1.51434  
 12 33.9702   5848.608497  x:  2.59584   0.71490   0.22176   0.44329   0.27801   0.85674   0.39370   0.30327   0.09787   0.26661   0.19849   1.99817   0.87480   0.31166   1.23819  
 13 15.6410   5847.826966  x:  2.67862   0.63344   0.25345   0.41537   0.28702   0.87717   0.37305   0.30150   0.10002   0.25891   0.19873   1.97944   0.75293   0.30793   1.19652  
 14  8.5049   5846.906525  x:  2.76381   0.57428   0.34465   0.44940   0.25588   0.82299   0.39505   0.30393   0.09868   0.26346   0.19807   1.95922   0.63100   0.29807   1.16989  
 15 14.7303   5830.739261  x:  3.34943   0.66225   0.28846   0.54054   0.12226   0.97677   0.41502   0.30984   0.08667   0.24165   0.20069   2.41646  -0.17939   0.17977   1.11686  
 16  2.8222   5830.332475  x:  3.36091   0.69689   0.25386   0.54240   0.12287   0.97990   0.41414   0.31093   0.08650   0.24526   0.20071   2.31305  -0.21842   0.18462   1.15769  
 17  4.0955   5823.885359  x:  3.36478   0.74124   0.13636   0.56414   0.06774   0.99055   0.38213   0.29292   0.04581   0.23041   0.17843   2.10091  -0.35371   0.14039   0.88264  
 18  0.5261   5822.376850  x:  3.33839   0.74330   0.11786   0.53606   0.04783   0.94831   0.38183   0.28342   0.03346   0.22206   0.17254   2.14838  -0.27194   0.17054   0.96180  
 19  0.1734   5821.939704  x:  3.28610   0.75727   0.10332   0.50412   0.05854   0.90455   0.38216   0.27580   0.03914   0.21739   0.17366   2.14116  -0.18372   0.17225   0.98371  
 20  0.1396   5821.731815  x:  3.24769   0.75834   0.10858   0.49891   0.04589   0.89404   0.38061   0.27830   0.04475   0.22057   0.17642   2.15008  -0.20205   0.17154   0.95553  
 21  0.0748   5821.609303  x:  3.18588   0.75836   0.08704   0.50803   0.04888   0.89244   0.37042   0.28099   0.04608   0.21726   0.17746   2.13535  -0.22638   0.16877   0.93989  
 22  0.0696   5821.452218  x:  3.07296   0.73818   0.10664   0.51333   0.04130   0.88983   0.36861   0.27698   0.04884   0.21380   0.17400   2.10368  -0.30460   0.15680   0.92397  
 23  0.0871   5821.365617  x:  3.01300   0.73681   0.10794   0.50758   0.04722   0.88338   0.37162   0.27422   0.04828   0.21469   0.17423   2.11182  -0.39344   0.14864   0.89448  
 24  0.1317   5821.343771  x:  3.01034   0.74353   0.10232   0.50417   0.04628   0.88408   0.37267   0.27642   0.04542   0.21723   0.17606   2.11457  -0.42287   0.14474   0.89353  
 25  0.0407   5821.338809  x:  3.01913   0.74491   0.10054   0.50316   0.04619   0.88500   0.37143   0.27635   0.04626   0.21638   0.17447   2.11716  -0.44852   0.14134   0.88762  
 26  0.0272   5821.338038  x:  3.01977   0.74440   0.10048   0.50351   0.04614   0.88440   0.37135   0.27595   0.04639   0.21606   0.17518   2.11496  -0.45711   0.14010   0.88522  
 27  0.0105   5821.337988  x:  3.01926   0.74442   0.10038   0.50360   0.04620   0.88413   0.37134   0.27599   0.04651   0.21625   0.17508   2.11450  -0.45772   0.14001   0.88522  
 28  0.0014   5821.337986  x:  3.01917   0.74443   0.10039   0.50359   0.04620   0.88404   0.37132   0.27602   0.04649   0.21624   0.17508   2.11449  -0.45785   0.13997   0.88510  
 29  0.0004   5821.337986  x:  3.01917   0.74445   0.10038   0.50359   0.04619   0.88404   0.37133   0.27602   0.04650   0.21623   0.17508   2.11452  -0.45786   0.13996   0.88511  
 30  0.0000   5821.337986  x:  3.01916   0.74445   0.10038   0.50359   0.04619   0.88404   0.37133   0.27602   0.04650   0.21623   0.17508   2.11452  -0.45786   0.13996   0.88511  
 31  0.0000   5821.337986  x:  3.01916   0.74445   0.10038   0.50359   0.04619   0.88404   0.37133   0.27602   0.04650   0.21623   0.17508   2.11452  -0.45786   0.13996   0.88511  
 32  0.0000   5821.337986  x:  3.01916   0.74445   0.10038   0.50359   0.04619   0.88404   0.37133   0.27602   0.04650   0.21623   0.17508   2.11452  -0.45786   0.13996   0.88511  